PARAMETER cpu_limit
PARAMETER memory_limit
PARAMETER number_of_pods
PARAMETER rps


POINTS ( 300 400 1 50 ) ( 300 400 2 50 ) ( 300 400 3 50 ) ( 300 400 4 50 ) ( 300 400 5 50 ) 
POINTS ( 300 450 1 50 ) ( 300 450 2 50 ) ( 300 450 3 50 ) ( 300 450 4 50 ) ( 300 450 5 50 ) 
POINTS ( 300 500 1 50 ) ( 300 500 2 50 ) ( 300 500 3 50 ) ( 300 500 4 50 ) ( 300 500 5 50 ) 
POINTS ( 300 550 1 50 ) ( 300 550 2 50 ) ( 300 550 3 50 ) ( 300 550 4 50 ) ( 300 550 5 50 ) 
POINTS ( 300 600 1 50 ) ( 300 600 2 50 ) ( 300 600 3 50 ) ( 300 600 4 50 ) ( 300 600 5 50 ) 
POINTS ( 350 400 1 50 ) ( 350 400 2 50 ) ( 350 400 3 50 ) ( 350 400 4 50 ) ( 350 400 5 50 ) 
POINTS ( 350 450 1 50 ) ( 350 450 2 50 ) ( 350 450 3 50 ) ( 350 450 4 50 ) ( 350 450 5 50 ) 
POINTS ( 350 500 1 50 ) ( 350 500 2 50 ) ( 350 500 3 50 ) ( 350 500 4 50 ) ( 350 500 5 50 ) 
POINTS ( 350 550 1 50 ) ( 350 550 2 50 ) ( 350 550 3 50 ) ( 350 550 4 50 ) ( 350 550 5 50 ) 
POINTS ( 350 600 1 50 ) ( 350 600 2 50 ) ( 350 600 3 50 ) ( 350 600 4 50 ) ( 350 600 5 50 ) 
POINTS ( 400 400 1 50 ) ( 400 400 2 50 ) ( 400 400 3 50 ) ( 400 400 4 50 ) ( 400 400 5 50 ) 
POINTS ( 400 450 1 50 ) ( 400 450 2 50 ) ( 400 450 3 50 ) ( 400 450 4 50 ) ( 400 450 5 50 ) 
POINTS ( 400 500 1 50 ) ( 400 500 2 50 ) ( 400 500 3 50 ) ( 400 500 4 50 ) ( 400 500 5 50 ) 
POINTS ( 400 550 1 50 ) ( 400 550 2 50 ) ( 400 550 3 50 ) ( 400 550 4 50 ) ( 400 550 5 50 ) 
POINTS ( 400 600 1 50 ) ( 400 600 2 50 ) ( 400 600 3 50 ) ( 400 600 4 50 ) ( 400 600 5 50 ) 
POINTS ( 450 400 1 50 ) ( 450 400 2 50 ) ( 450 400 3 50 ) ( 450 400 4 50 ) ( 450 400 5 50 ) 
POINTS ( 450 450 1 50 ) ( 450 450 2 50 ) ( 450 450 3 50 ) ( 450 450 4 50 ) ( 450 450 5 50 ) 
POINTS ( 450 500 1 50 ) ( 450 500 2 50 ) ( 450 500 3 50 ) ( 450 500 4 50 ) ( 450 500 5 50 ) 
POINTS ( 450 550 1 50 ) ( 450 550 2 50 ) ( 450 550 3 50 ) ( 450 550 4 50 ) ( 450 550 5 50 ) 
POINTS ( 450 600 1 50 ) ( 450 600 2 50 ) ( 450 600 3 50 ) ( 450 600 4 50 ) ( 450 600 5 50 ) 
POINTS ( 500 400 1 50 ) ( 500 400 2 50 ) ( 500 400 3 50 ) ( 500 400 4 50 ) ( 500 400 5 50 ) 
POINTS ( 500 450 1 50 ) ( 500 450 2 50 ) ( 500 450 3 50 ) ( 500 450 4 50 ) ( 500 450 5 50 ) 
POINTS ( 500 500 1 50 ) ( 500 500 2 50 ) ( 500 500 3 50 ) ( 500 500 4 50 ) ( 500 500 5 50 ) 
POINTS ( 500 550 1 50 ) ( 500 550 2 50 ) ( 500 550 3 50 ) ( 500 550 4 50 ) ( 500 550 5 50 ) 
POINTS ( 500 600 1 50 ) ( 500 600 2 50 ) ( 500 600 3 50 ) ( 500 600 4 50 ) ( 500 600 5 50 ) 

REGION teastore
METRIC cpu_usage

DATA 66.36980754507674 99.24581423823793 69.97055179429941 54.75072505224864 64.18509924408842 
DATA 81.71244340637958 69.86400475229536 59.0940885989472 65.02818908993446 63.35856196997921 
DATA 61.08229075414853 59.728394485433775 63.42545250832385 67.23650784784897 59.99876226417285 
DATA 58.4304160297532 60.31187509423746 57.13289686229605 50.10653564906457 60.3945728742905 
DATA 54.945207097546415 52.599280439501854 55.81701313762347 40.84780800893332 63.950299998241945 
DATA 75.98683292945819 75.28557810010646 70.50282364361036 62.699716672137775 80.47045324647318 
DATA 58.7709584474047 63.65741599327111 56.82573743572895 67.1136514593109 71.19930716221742 
DATA 64.47843029434331 53.92454591429925 55.89541200140811 67.98181501223286 57.1253363922249 
DATA 59.50056536119524 57.337129437237216 52.61669973081248 53.39225767046704 67.33517035180279 
DATA 53.062300753505625 48.692286647403726 51.89159780351814 54.09718817060433 52.43600800166154 
DATA 87.20825196203167 71.51694235318259 64.1283495465362 78.22019246630241 85.62866256095117 
DATA 67.77893898666878 73.12310167939887 51.207915969113934 63.01054300412716 64.97153664821388 
DATA 64.82495964829488 55.76297760141349 57.84067984516913 60.35426273515591 62.94509722943648 
DATA 73.5370009601561 65.65238534068386 53.744213613279136 55.44912058623164 48.300146777288525 
DATA 49.14215268353807 53.34484043595912 49.297167904764144 49.397553185324654 51.665692430752976 
DATA 76.1683483780292 68.58332983601414 74.55819481457146 72.48412697247562 70.61510289167451 
DATA 74.89491021975088 74.07916440574097 62.46071915210234 59.00669797713388 60.642498825551655 
DATA 56.57256281962391 57.09221555051529 54.88098031517786 46.04280112187838 59.36806549092825 
DATA 58.2838956225884 52.96084903157849 57.48070016043752 61.62636420122741 66.4014744004947 
DATA 50.84337299328895 56.45643689967082 54.09286698829 57.30783926832903 37.137665685467816 
DATA 73.61432143440005 58.91478009223137 41.83554156581489 55.221416792133496 85.94150762968121 
DATA 68.25498468058494 59.6260131794769 71.2069152283968 64.1169633482606 67.42797205054163 
DATA 69.9857144856546 64.59145082962203 58.06606874893786 58.76502249218793 72.00696799295456 
DATA 47.983824967901775 57.96000874921784 57.25006628211735 52.183477409507695 63.77211164532339 
DATA 46.00489000782441 54.951102043340725 54.61502421229785 51.662212167453255 47.79287234245271 
DATA 73.41630681266916 73.85486475670442 75.0970792171272 56.45361060105044 83.10406272560499 
DATA 52.53723076880038 62.73406849182479 64.07595683212917 65.55978687359185 58.75334468163376 
DATA 65.42974622108653 56.97583445931402 67.97851442880781 64.31786850610087 69.12636748757214 
DATA 61.03046829591953 53.01331024344655 54.66041958059226 47.77038409907856 58.231849249620005 
DATA 53.05783334125643 42.54307975279421 51.98974987116341 48.45904772409133 56.27354723189275 
DATA 81.9708592398634 72.83293122999483 70.71595649322434 62.37737993737003 44.35474525483941 
DATA 63.33218576924583 53.45967066073701 46.30526547833924 48.72589462364928 62.041229379593794 
DATA 61.83039199257156 64.2933626946076 68.87337597211854 76.76074050059583 61.43421078471647 
DATA 61.8603022604848 49.71385800120181 56.84481303323674 52.35737557006041 57.71541954688895 
DATA 49.79840388603033 54.14417888864109 50.38167637820005 52.78379895177336 48.93799911553071 
DATA 74.7417574046443 63.48548215082911 69.44333992747356 74.73872418240892 58.62199232764157 
DATA 57.66957549055372 62.7722021891157 53.64642254214505 61.42233439046344 56.33512774481778 
DATA 59.89042189547263 48.73127224252434 57.72170933956251 50.35674699762462 49.70678966380366 
DATA 54.65516745388736 48.562276052362265 50.286741687345625 55.95412112325169 62.586855751607374 
DATA 45.7896997575568 44.17824310593688 40.699949889270414 43.65834321346525 44.04004544366686 
DATA 49.84675913701037 73.94576997634171 67.72522896877358 76.90805849680675 66.33256568033009 
DATA 65.73731406811245 58.985137066336286 60.10661147306481 65.72277397523537 60.36642484369681 
DATA 45.3373797369865 69.05942063658658 62.40159058556665 61.19013987180635 61.17157174782943 
DATA 52.24566614132553 60.17223872762108 50.14067870456131 59.61969303525957 41.31446170828259 
DATA 48.046354962819336 48.843154043957874 49.118113409957 45.25997186105862 54.6403171695673 
DATA 65.68422778630608 65.62902925164651 72.35875292849974 77.72537484049626 57.13382947016888 
DATA 53.94604194455589 65.48131214990075 58.99062313112173 67.92155986147955 67.07567048629899 
DATA 65.13624108080452 60.81339863735764 52.7579427658277 59.9579518851349 67.31383705235513 
DATA 58.04771055826388 44.18179098644901 54.234882659740585 52.312168303534136 49.06475700788274 
DATA 49.11096240903047 46.50099284753691 39.318599736780605 48.80508447380723 42.95915319131172 
DATA 53.407038357383584 64.99133046685407 55.8617380544261 69.91686176258712 51.60792450827649 
DATA 59.31750802448888 61.80740584903605 63.43328498432876 60.35304523640611 58.27611675062266 
DATA 62.68276230472445 56.30798731794778 62.356250068728095 59.24624012991556 47.17064479950823 
DATA 52.23174739584503 46.4144871328179 41.98485292786557 42.27647073362184 55.40885564783486 
DATA 40.4342418781623 43.16098016686526 47.11706730008144 42.99126921866818 39.10705666466037 
DATA 73.59150132732177 67.87488641335176 69.72608641479972 69.94427136536358 60.88248842503892 
DATA 49.50666726101914 42.61533644130103 56.139227587263086 56.80418054529719 56.53765752282792 
DATA 53.0086601054895 51.46806170433752 58.16326587677637 49.95916721712508 53.092959576389504 
DATA 47.52708488386629 51.62367265840128 57.111435458688 49.78791838277082 56.70434871819784 
DATA 41.37990530604794 47.40710997619318 43.634332169770985 44.646281932403966 52.79634961085621 
DATA 64.69511204862113 63.02230538410158 63.92468647408462 72.49661623306001 66.05030865752452 
DATA 56.772218428682685 64.19408168747408 59.20340975628776 63.61588031152896 46.147288128702165 
DATA 37.265536751044806 48.69043316167546 43.638853135060245 51.80347574985645 50.31635158522212 
DATA 50.493814750573584 50.39782780114299 62.49205608462262 49.29597482685767 45.89595886196743 
DATA 45.65910206167511 49.192573846609605 49.87387198536075 41.41130702669916 49.790855467485 
DATA 60.44933661562167 69.8043672239883 50.25309880795908 73.09888637348617 75.74523717436628 
DATA 64.88842945384275 51.84776786173386 63.55819823149269 45.31704251483538 49.52426319485557 
DATA 60.01892318261714 48.32748400591396 72.43264880953764 59.40945347538175 51.68869312411135 
DATA 35.97945340633228 50.11036843642019 55.15388444812193 50.63357591123127 54.10047020452392 
DATA 46.36201663797196 44.82384527753389 48.65481193791656 41.241217829238 41.70325937260026 
DATA 65.7871278730678 70.81860426218975 76.20494163904297 61.48391869570779 65.99891131438436 
DATA 52.74635033470171 56.47544690369489 65.90853858106553 59.46091129707951 48.58687919215038 
DATA 46.70542331798402 53.23615081526346 61.6822852107521 51.545703478503135 48.93461165760616 
DATA 61.6671321514384 52.96073919664096 48.76021887554216 40.98268684970963 53.89986764297541 
DATA 42.12825402479837 30.76019735356794 46.83264438327607 39.24223044326824 46.68181909281711 
DATA 70.17398662745944 61.475408960082966 72.24690043780986 75.04933851304698 63.40097950687059 
DATA 61.7205909930294 54.81943083799263 73.97724309366293 58.01645141746949 53.52649672642254 
DATA 44.3236970383011 62.82594769824887 62.3453395495948 61.01335791514438 44.15573979310953 
DATA 52.61500761788349 49.9750987959033 52.70637355810733 31.49691301681643 52.16590751289972 
DATA 37.50183040975682 39.40868626404847 57.01525686799207 39.27336039269159 42.09837542293749 
DATA 32.01583484924176 76.3777655062423 69.17383462820197 59.51074493172922 66.34450737891724 
DATA 41.31416475997109 59.44923716108265 71.59598991152437 47.52293899429457 56.070322969851176 
DATA 53.15158305652441 55.303862905029455 58.75318423303544 50.28442318890454 57.28696946662734 
DATA 39.6301221232311 46.77087297577808 45.53232994562551 38.93810486481747 42.14586870737816 
DATA 41.73388668777448 51.53155090841515 37.8712457106158 42.59632420546577 44.20691129994861 
DATA 63.71330354475384 54.6222459204406 51.2725534565087 62.16418878158798 66.98414813258312 
DATA 56.88572836963928 49.21788252992289 68.55612872465589 59.43279155838932 47.74114208886351 
DATA 61.5484479055606 49.93974177471939 54.47163061763913 39.4833851353872 54.33214385104125 
DATA 51.11364117300754 53.60812158155767 59.52667058597031 46.82418064285095 40.2330114073958 
DATA 32.970278551594056 40.22846369492374 52.13746975062325 46.87660196535443 48.771413519644206 
DATA 60.50670032761567 64.08852010533829 61.451355837508224 55.82770264779608 67.08707926834248 
DATA 42.46733759492427 59.50073230214058 62.17038194683004 49.16898859710798 45.24019600054813 
DATA 50.05259794587795 47.25258511122847 62.034083238796114 52.00703889115158 47.6073094207733 
DATA 46.51100240334853 40.781504102370256 51.601045299231416 50.6082052688906 43.79794729411952 
DATA 48.00652822570986 39.10644133668853 43.41631855955359 39.61967763213898 44.96276123928096 
DATA 43.66399994857024 66.69512801106184 70.00374264447277 56.09078718473082 56.000015876491375 
DATA 62.50005940322129 53.16608693938149 64.44703944545168 57.02866273467048 61.81413397748975 
DATA 54.40052314572788 59.93163061875296 69.17007781707152 53.98279528979634 61.00795952102957 
DATA 44.0695156936466 47.59402270068537 39.65059255219286 49.72220055468284 39.644380232127205 
DATA 40.59639625501687 39.72397190228585 45.176703940473125 40.05548219787012 41.50379950929258 
DATA 71.33521409971385 53.753506433024455 69.08135772727006 52.33457099763661 72.6521387580448 
DATA 45.28726636475394 38.54343354395992 52.23975035648232 60.48880942787705 59.12056310799858 
DATA 46.21986158106298 54.86780805866545 45.10874810408587 62.59157074021114 46.20129694210522 
DATA 46.0055248414385 46.73943797606323 43.53150170551742 52.25853041493969 47.19667800953409 
DATA 34.66750846357495 31.5938313301747 39.71778006064182 33.19297485726366 40.01405604114651 
DATA 57.37007186903441 65.19725425997599 50.33116935747471 59.47773700352418 56.52400245626476 
DATA 45.6007441404556 51.177793105613645 48.818448850290665 59.91350984307172 50.93993054743124 
DATA 53.91941675690853 42.4564344334855 56.63086921793733 41.43284914744515 46.29209835089169 
DATA 45.99301270042528 43.30785972441653 45.27434503020229 42.97805110045767 43.89562191540352 
DATA 33.0611293923801 37.02757308431963 34.09020633802628 37.64778719243456 30.11716050571728 
DATA 53.56242921267864 74.10401451105434 72.90866337301931 71.45784076648542 58.359905523172976 
DATA 62.71038985903658 45.03359714933851 66.64696805392119 53.86195157550125 62.35087221375897 
DATA 49.56058409832063 45.17620637516048 53.39834601249306 40.573842885365885 57.73837518846526 
DATA 32.20951144489305 37.82029943789326 45.45685758942677 41.93533982871424 39.24423895364533 
DATA 29.16965921807024 33.435372244193694 35.50358384399933 30.297525184800666 37.50314299168596 
DATA 64.82190733879567 70.30688466322927 71.2443678654886 61.7454652083133 50.87576338053458 
DATA 58.02923741828652 61.75116446617854 63.68152020531158 62.573930445082695 59.119840958451846 
DATA 51.97535850963201 48.65262715670852 41.616006988760816 52.41247641024123 51.04195021349664 
DATA 35.95787022924898 42.75102673993008 47.84206371186149 38.51739294987099 44.25491980851796 
DATA 32.947434434310395 39.89686370811935 39.10172095602857 39.70430601451545 37.21098931623453 
DATA 57.199970579752005 46.417837630448766 75.4247534100674 65.72275700812453 54.88333413992465 
DATA 51.28611100354828 58.84339971313449 51.95791947992158 60.991592835703294 42.7687500836893 
DATA 46.08422364987309 47.18019967864599 53.97739996160424 47.939628825170864 46.68825701483704 
DATA 45.403031664956735 45.07159163935654 40.49547596177738 45.39180143238144 45.58237722932292 
DATA 32.478928937421024 37.06866139421472 43.10057968964816 32.32356688055744 36.74887336205897 
