PARAMETER cpu_limit
PARAMETER memory_limit
PARAMETER number_of_pods
PARAMETER rps


POINTS ( 300 400 1 50 ) ( 300 400 2 50 ) ( 300 400 3 50 ) ( 300 400 4 50 ) ( 300 400 5 50 ) 
POINTS ( 300 450 1 50 ) ( 300 450 2 50 ) ( 300 450 3 50 ) ( 300 450 4 50 ) ( 300 450 5 50 ) 
POINTS ( 300 500 1 50 ) ( 300 500 2 50 ) ( 300 500 3 50 ) ( 300 500 4 50 ) ( 300 500 5 50 ) 
POINTS ( 300 550 1 50 ) ( 300 550 2 50 ) ( 300 550 3 50 ) ( 300 550 4 50 ) ( 300 550 5 50 ) 
POINTS ( 300 600 1 50 ) ( 300 600 2 50 ) ( 300 600 3 50 ) ( 300 600 4 50 ) ( 300 600 5 50 ) 
POINTS ( 350 400 1 50 ) ( 350 400 2 50 ) ( 350 400 3 50 ) ( 350 400 4 50 ) ( 350 400 5 50 ) 
POINTS ( 350 450 1 50 ) ( 350 450 2 50 ) ( 350 450 3 50 ) ( 350 450 4 50 ) ( 350 450 5 50 ) 
POINTS ( 350 500 1 50 ) ( 350 500 2 50 ) ( 350 500 3 50 ) ( 350 500 4 50 ) ( 350 500 5 50 ) 
POINTS ( 350 550 1 50 ) ( 350 550 2 50 ) ( 350 550 3 50 ) ( 350 550 4 50 ) ( 350 550 5 50 ) 
POINTS ( 350 600 1 50 ) ( 350 600 2 50 ) ( 350 600 3 50 ) ( 350 600 4 50 ) ( 350 600 5 50 ) 
POINTS ( 400 400 1 50 ) ( 400 400 2 50 ) ( 400 400 3 50 ) ( 400 400 4 50 ) ( 400 400 5 50 ) 
POINTS ( 400 450 1 50 ) ( 400 450 2 50 ) ( 400 450 3 50 ) ( 400 450 4 50 ) ( 400 450 5 50 ) 
POINTS ( 400 500 1 50 ) ( 400 500 2 50 ) ( 400 500 3 50 ) ( 400 500 4 50 ) ( 400 500 5 50 ) 
POINTS ( 400 550 1 50 ) ( 400 550 2 50 ) ( 400 550 3 50 ) ( 400 550 4 50 ) ( 400 550 5 50 ) 
POINTS ( 400 600 1 50 ) ( 400 600 2 50 ) ( 400 600 3 50 ) ( 400 600 4 50 ) ( 400 600 5 50 ) 
POINTS ( 450 400 1 50 ) ( 450 400 2 50 ) ( 450 400 3 50 ) ( 450 400 4 50 ) ( 450 400 5 50 ) 
POINTS ( 450 450 1 50 ) ( 450 450 2 50 ) ( 450 450 3 50 ) ( 450 450 4 50 ) ( 450 450 5 50 ) 
POINTS ( 450 500 1 50 ) ( 450 500 2 50 ) ( 450 500 3 50 ) ( 450 500 4 50 ) ( 450 500 5 50 ) 
POINTS ( 450 550 1 50 ) ( 450 550 2 50 ) ( 450 550 3 50 ) ( 450 550 4 50 ) ( 450 550 5 50 ) 
POINTS ( 450 600 1 50 ) ( 450 600 2 50 ) ( 450 600 3 50 ) ( 450 600 4 50 ) ( 450 600 5 50 ) 
POINTS ( 500 400 1 50 ) ( 500 400 2 50 ) ( 500 400 3 50 ) ( 500 400 4 50 ) ( 500 400 5 50 ) 
POINTS ( 500 450 1 50 ) ( 500 450 2 50 ) ( 500 450 3 50 ) ( 500 450 4 50 ) ( 500 450 5 50 ) 
POINTS ( 500 500 1 50 ) ( 500 500 2 50 ) ( 500 500 3 50 ) ( 500 500 4 50 ) ( 500 500 5 50 ) 
POINTS ( 500 550 1 50 ) ( 500 550 2 50 ) ( 500 550 3 50 ) ( 500 550 4 50 ) ( 500 550 5 50 ) 
POINTS ( 500 600 1 50 ) ( 500 600 2 50 ) ( 500 600 3 50 ) ( 500 600 4 50 ) ( 500 600 5 50 ) 

REGION teastore
METRIC memory_usage

DATA 80.59714285714287 84.38285714285713 86.39999999999999 84.57857142857142 88.17857142857143 
DATA 74.875 89.83857142857143 87.20642857142856 90.20642857142856 88.53714285714285 
DATA 85.12333333333333 93.09619047619046 88.07714285714286 92.70190476190476 88.69238095238096 
DATA 88.25714285714288 92.29964285714286 88.3235714285714 92.30428571428573 90.91321428571428 
DATA 89.02885714285712 92.71342857142857 93.08371428571428 92.16828571428572 92.08685714285711 
DATA 70.10428571428571 68.39857142857144 77.26 60.43571428571429 77.23285714285714 
DATA 76.27214285714285 80.16285714285713 75.71857142857142 80.27142857142857 83.31500000000001 
DATA 82.82619047619048 83.18285714285713 83.6504761904762 81.94666666666666 85.51761904761904 
DATA 82.5557142857143 83.79392857142857 82.06214285714285 82.8532142857143 84.30178571428574 
DATA 83.37285714285713 84.78399999999998 83.52885714285713 85.28114285714287 84.79942857142856 
DATA 67.25428571428571 63.25999999999999 62.08857142857144 72.52142857142857 65.75571428571428 
DATA 72.32857142857142 74.20071428571428 71.45857142857145 74.64357142857143 74.98714285714286 
DATA 75.42380952380952 73.43238095238094 72.82619047619045 73.63428571428571 75.0142857142857 
DATA 76.19107142857146 74.97999999999999 73.69857142857143 73.73857142857143 74.38035714285716 
DATA 74.6337142857143 75.23599999999996 75.17171428571426 76.70114285714284 74.85857142857141 
DATA 69.13428571428571 58.79714285714287 65.2757142857143 63.51428571428571 60.17142857142858 
DATA 69.42571428571429 69.20214285714286 64.81642857142857 64.87285714285713 67.37285714285714 
DATA 68.88285714285715 66.45714285714286 67.6852380952381 67.20142857142856 69.86666666666667 
DATA 69.58285714285714 67.3864285714286 69.37000000000002 68.53857142857142 70.95321428571428 
DATA 70.30742857142856 67.70685714285715 69.60914285714283 69.34057142857145 68.87485714285717 
DATA 58.371428571428574 53.48428571428571 50.80571428571428 59.48285714285714 59.31 
DATA 62.03142857142858 60.21928571428571 63.22714285714288 64.28357142857143 62.84642857142858 
DATA 65.7242857142857 63.0295238095238 64.36904761904763 65.58904761904762 66.55857142857143 
DATA 65.56821428571429 63.7139285714286 66.56178571428572 66.91178571428573 65.55285714285712 
DATA 65.53914285714285 65.1657142857143 66.10142857142856 64.11628571428574 65.83571428571429 
DATA 90.13857142857144 85.01714285714287 77.08714285714287 79.10714285714286 89.24714285714285 
DATA 94.03642857142856 80.86 87.80785714285717 91.45285714285716 81.00857142857141 
DATA 82.69190476190475 89.02333333333334 94.86571428571428 92.99047619047622 80.2252380952381 
DATA 94.7214285714286 91.73892857142856 89.32142857142854 95.20357142857144 92.51428571428568 
DATA 93.86514285714286 93.36028571428572 93.82342857142862 95.33542857142854 92.99571428571424 
DATA 72.63571428571429 73.30142857142857 68.62142857142857 78.4742857142857 67.78571428571428 
DATA 84.25357142857142 77.62928571428573 77.08 79.94000000000001 80.36285714285715 
DATA 86.33857142857144 84.98904761904762 84.0747619047619 87.63047619047617 81.9557142857143 
DATA 85.4957142857143 84.98392857142855 86.8117857142857 88.33321428571426 81.88392857142858 
DATA 84.68857142857142 86.53428571428576 86.37257142857142 86.70857142857142 82.78257142857144 
DATA 67.33857142857143 66.5342857142857 72.54142857142857 70.3257142857143 64.16 
DATA 73.17214285714284 74.60571428571428 77.38714285714286 68.25142857142858 68.65357142857144 
DATA 77.03380952380954 75.27095238095238 79.63095238095241 71.22285714285715 73.78428571428573 
DATA 78.39035714285714 74.67821428571429 78.35857142857141 74.73 77.18678571428572 
DATA 77.75085714285713 76.21742857142857 77.46514285714285 73.67485714285718 77.31714285714285 
DATA 58.66428571428571 62.36857142857143 58.642857142857146 60.23 64.83000000000001 
DATA 65.955 67.89857142857143 68.70857142857143 67.99571428571429 68.35071428571426 
DATA 65.8995238095238 73.02523809523811 71.31285714285714 69.64761904761906 67.89666666666669 
DATA 67.32214285714286 70.575 71.14142857142856 70.52464285714287 68.72749999999999 
DATA 68.53628571428573 70.39371428571428 70.66600000000001 69.31428571428576 72.73942857142856 
DATA 54.46571428571429 54.701428571428565 58.32714285714287 55.23571428571428 53.89571428571429 
DATA 64.04428571428573 63.92785714285714 64.4557142857143 66.32357142857144 63.67857142857143 
DATA 65.48000000000002 65.45571428571431 65.11714285714285 67.5247619047619 67.58619047619045 
DATA 65.4157142857143 65.04928571428572 67.28107142857142 66.7967857142857 67.3810714285714 
DATA 64.55657142857143 66.07885714285713 65.98314285714285 66.57514285714285 68.09999999999998 
DATA 86.89714285714285 73.25857142857141 82.63000000000001 83.77 88.61285714285714 
DATA 89.48071428571428 88.22428571428573 94.59285714285714 94.80928571428572 89.63214285714285 
DATA 95.28380952380952 93.35952380952384 92.86095238095236 92.57 82.30333333333336 
DATA 94.46107142857144 94.14750000000002 92.48107142857144 93.40999999999998 92.76178571428572 
DATA 96.32657142857144 95.41457142857142 95.17 95.58142857142856 93.2714285714286 
DATA 70.37428571428572 75.19000000000001 77.64714285714285 75.01571428571428 68.89 
DATA 80.30714285714285 83.42071428571428 84.55071428571429 80.7792857142857 82.60071428571428 
DATA 82.18476190476191 83.08380952380953 85.26285714285711 81.47761904761903 84.46952380952382 
DATA 83.66250000000001 84.56571428571428 87.02428571428572 85.5417857142857 85.30178571428571 
DATA 85.38199999999996 86.00742857142856 87.27685714285715 84.18885714285712 85.41085714285717 
DATA 64.42571428571428 67.47142857142858 65.96142857142857 74.41714285714285 73.90142857142858 
DATA 71.63785714285714 73.03428571428572 71.66357142857143 76.13214285714285 74.94285714285715 
DATA 75.3647619047619 75.26285714285714 75.31857142857145 76.71952380952382 73.67142857142856 
DATA 76.5457142857143 78.42999999999999 78.36071428571427 76.38 76.71821428571427 
DATA 78.60885714285715 78.36599999999999 77.62599999999998 76.92742857142858 79.74742857142857 
DATA 61.71428571428572 64.05571428571429 61.95714285714286 68.14142857142858 66.37571428571428 
DATA 69.63642857142858 67.07214285714285 67.80642857142858 69.18857142857142 67.01 
DATA 69.03714285714284 70.8347619047619 70.75571428571428 72.52238095238094 68.93476190476188 
DATA 70.61035714285715 71.77 70.03857142857143 74.74964285714283 72.78357142857145 
DATA 71.84542857142854 70.90199999999997 69.90485714285713 73.07657142857141 72.09828571428572 
DATA 57.50428571428571 57.08714285714285 57.06285714285714 58.50285714285714 62.82428571428572 
DATA 64.16071428571428 61.34142857142858 64.55428571428571 64.17999999999998 60.16642857142858 
DATA 65.0490476190476 65.36857142857141 64.8390476190476 67.5457142857143 64.26380952380951 
DATA 67.75035714285713 65.19714285714284 64.33892857142858 66.56214285714285 67.09571428571431 
DATA 66.28542857142858 65.50914285714288 63.79857142857142 66.35799999999999 66.25142857142858 
DATA 82.84142857142857 80.44285714285715 79.61714285714287 82.05285714285715 77.96857142857142 
DATA 88.96071428571427 95.30500000000002 95.01642857142852 90.82142857142856 91.5607142857143 
DATA 95.40380952380951 93.33904761904762 94.8704761904762 91.04809523809524 93.32095238095238 
DATA 96.7692857142857 93.19142857142856 85.48714285714287 91.5803571428572 94.69107142857146 
DATA 96.554 95.88971428571428 95.16685714285713 93.614 94.17028571428573 
DATA 71.10285714285715 74.07714285714285 72.57428571428572 71.50857142857144 76.15142857142857 
DATA 78.85357142857143 81.33142857142856 80.9 80.47571428571428 82.57071428571427 
DATA 85.5552380952381 83.58619047619047 82.83095238095238 82.97904761904763 84.70285714285713 
DATA 87.60928571428568 86.89999999999998 82.5982142857143 85.16000000000004 84.82214285714288 
DATA 88.03800000000001 87.49257142857142 84.47485714285713 87.29200000000003 85.9974285714286 
DATA 64.15428571428572 68.53857142857143 69.00428571428571 64.70285714285714 67.5457142857143 
DATA 73.93642857142856 68.98999999999998 75.33142857142857 75.09285714285713 71.21857142857144 
DATA 76.31809523809524 75.59952380952382 77.04619047619045 73.12095238095237 74.73333333333335 
DATA 77.27535714285715 76.97964285714285 79.69107142857145 76.07392857142858 75.72892857142855 
DATA 79.02685714285712 76.58828571428575 78.42285714285713 77.76085714285715 76.53457142857143 
DATA 63.75428571428573 59.57857142857143 56.79142857142857 61.06571428571429 63.432857142857145 
DATA 66.53285714285713 70.80571428571429 71.25142857142858 67.30285714285715 67.77857142857144 
DATA 70.78761904761905 74.11476190476189 70.66857142857145 69.28 70.84333333333333 
DATA 71.48142857142858 72.4517857142857 71.18714285714285 72.04607142857142 70.97571428571426 
DATA 71.48742857142861 72.87085714285715 69.92742857142859 71.63685714285715 72.6042857142857 
DATA 57.66857142857144 50.37714285714286 54.87285714285714 58.49285714285714 62.46999999999999 
DATA 62.61357142857143 61.33142857142857 64.93714285714289 66.70285714285716 64.06785714285716 
DATA 64.54190476190475 64.58047619047619 65.94809523809525 66.95428571428575 66.22285714285715 
DATA 65.50000000000004 64.25464285714287 66.1639285714286 67.42750000000002 68.34857142857142 
DATA 65.63600000000004 65.83371428571425 67.87799999999997 66.76457142857141 67.58971428571431 
DATA 76.4557142857143 80.39285714285714 85.75571428571429 84.48142857142857 88.79857142857142 
DATA 90.5992857142857 87.99785714285714 91.39928571428572 93.64642857142856 89.81785714285715 
DATA 93.27238095238096 92.25428571428571 91.68523809523806 96.94761904761906 93.91619047619048 
DATA 94.69642857142854 93.71821428571432 96.47607142857144 95.90071428571426 95.55357142857146 
DATA 94.2405714285714 93.522 95.67057142857144 95.66828571428574 95.54228571428573 
DATA 78.32571428571428 71.27571428571429 76.20857142857143 75.00714285714285 69.36428571428571 
DATA 84.21285714285715 80.98642857142856 82.91928571428573 80.80285714285716 81.85142857142856 
DATA 87.82666666666665 82.91380952380956 85.11476190476189 85.57190476190473 84.8352380952381 
DATA 87.43892857142859 84.52000000000002 87.65571428571432 84.24392857142855 87.71857142857144 
DATA 85.98599999999998 85.44857142857141 86.80657142857137 85.91914285714287 85.7797142857143 
DATA 65.01714285714286 69.96857142857144 70.24428571428572 75.11428571428571 67.69285714285715 
DATA 74.84142857142857 74.61500000000002 76.18214285714285 76.31071428571428 75.94785714285715 
DATA 74.21190476190476 77.11190476190475 76.1119047619048 75.59523809523809 76.53190476190474 
DATA 78.00178571428573 79.13999999999999 76.58857142857141 77.52392857142858 77.25928571428571 
DATA 75.8745714285714 79.45600000000006 77.17428571428574 77.53628571428573 77.37257142857143 
DATA 65.88 59.42428571428571 65.8142857142857 63.09571428571429 62.92142857142858 
DATA 70.69357142857143 70.94714285714285 65.4092857142857 69.11428571428571 69.68214285714284 
DATA 71.46666666666667 73.65285714285716 68.85285714285716 70.16666666666667 71.99333333333335 
DATA 74.11250000000003 72.73928571428573 72.86392857142857 72.18857142857142 72.38214285714285 
DATA 72.57457142857146 73.21428571428575 72.35857142857141 72.23799999999999 72.20885714285714 
DATA 59.20428571428572 58.52142857142856 61.50857142857142 60.94857142857143 58.35142857142856 
DATA 65.14499999999998 64.22928571428571 65.02357142857143 62.985000000000014 66.4992857142857 
DATA 66.06809523809522 67.25952380952383 69.43999999999998 65.45523809523812 70.0004761904762 
DATA 66.91892857142855 68.28142857142858 68.6257142857143 67.13607142857141 70.49750000000002 
DATA 66.478 68.35514285714282 67.68485714285718 67.418 69.68199999999999 
