PARAMETER cpu_limit
PARAMETER memory_limit
PARAMETER number_of_pods
PARAMETER rps


POINTS ( 300 400 1 50 ) ( 300 400 2 50 ) ( 300 400 3 50 ) ( 300 400 4 50 ) ( 300 400 5 50 ) 
POINTS ( 300 450 1 50 ) ( 300 450 2 50 ) ( 300 450 3 50 ) ( 300 450 4 50 ) ( 300 450 5 50 ) 
POINTS ( 300 500 1 50 ) ( 300 500 2 50 ) ( 300 500 3 50 ) ( 300 500 4 50 ) ( 300 500 5 50 ) 
POINTS ( 300 550 1 50 ) ( 300 550 2 50 ) ( 300 550 3 50 ) ( 300 550 4 50 ) ( 300 550 5 50 ) 
POINTS ( 300 600 1 50 ) ( 300 600 2 50 ) ( 300 600 3 50 ) ( 300 600 4 50 ) ( 300 600 5 50 ) 
POINTS ( 350 400 1 50 ) ( 350 400 2 50 ) ( 350 400 3 50 ) ( 350 400 4 50 ) ( 350 400 5 50 ) 
POINTS ( 350 450 1 50 ) ( 350 450 2 50 ) ( 350 450 3 50 ) ( 350 450 4 50 ) ( 350 450 5 50 ) 
POINTS ( 350 500 1 50 ) ( 350 500 2 50 ) ( 350 500 3 50 ) ( 350 500 4 50 ) ( 350 500 5 50 ) 
POINTS ( 350 550 1 50 ) ( 350 550 2 50 ) ( 350 550 3 50 ) ( 350 550 4 50 ) ( 350 550 5 50 ) 
POINTS ( 350 600 1 50 ) ( 350 600 2 50 ) ( 350 600 3 50 ) ( 350 600 4 50 ) ( 350 600 5 50 ) 
POINTS ( 400 400 1 50 ) ( 400 400 2 50 ) ( 400 400 3 50 ) ( 400 400 4 50 ) ( 400 400 5 50 ) 
POINTS ( 400 450 1 50 ) ( 400 450 2 50 ) ( 400 450 3 50 ) ( 400 450 4 50 ) ( 400 450 5 50 ) 
POINTS ( 400 500 1 50 ) ( 400 500 2 50 ) ( 400 500 3 50 ) ( 400 500 4 50 ) ( 400 500 5 50 ) 
POINTS ( 400 550 1 50 ) ( 400 550 2 50 ) ( 400 550 3 50 ) ( 400 550 4 50 ) ( 400 550 5 50 ) 
POINTS ( 400 600 1 50 ) ( 400 600 2 50 ) ( 400 600 3 50 ) ( 400 600 4 50 ) ( 400 600 5 50 ) 
POINTS ( 450 400 1 50 ) ( 450 400 2 50 ) ( 450 400 3 50 ) ( 450 400 4 50 ) ( 450 400 5 50 ) 
POINTS ( 450 450 1 50 ) ( 450 450 2 50 ) ( 450 450 3 50 ) ( 450 450 4 50 ) ( 450 450 5 50 ) 
POINTS ( 450 500 1 50 ) ( 450 500 2 50 ) ( 450 500 3 50 ) ( 450 500 4 50 ) ( 450 500 5 50 ) 
POINTS ( 450 550 1 50 ) ( 450 550 2 50 ) ( 450 550 3 50 ) ( 450 550 4 50 ) ( 450 550 5 50 ) 
POINTS ( 450 600 1 50 ) ( 450 600 2 50 ) ( 450 600 3 50 ) ( 450 600 4 50 ) ( 450 600 5 50 ) 
POINTS ( 500 400 1 50 ) ( 500 400 2 50 ) ( 500 400 3 50 ) ( 500 400 4 50 ) ( 500 400 5 50 ) 
POINTS ( 500 450 1 50 ) ( 500 450 2 50 ) ( 500 450 3 50 ) ( 500 450 4 50 ) ( 500 450 5 50 ) 
POINTS ( 500 500 1 50 ) ( 500 500 2 50 ) ( 500 500 3 50 ) ( 500 500 4 50 ) ( 500 500 5 50 ) 
POINTS ( 500 550 1 50 ) ( 500 550 2 50 ) ( 500 550 3 50 ) ( 500 550 4 50 ) ( 500 550 5 50 ) 
POINTS ( 500 600 1 50 ) ( 500 600 2 50 ) ( 500 600 3 50 ) ( 500 600 4 50 ) ( 500 600 5 50 ) 

REGION teastore
METRIC average_response_time

DATA 5393.137909021655 6663.184006509279 7873.465862967803 5418.515816711147 6051.726323375679 
DATA 10111.66425373141 7720.399200252352 6521.534336883801 7226.636128948036 5340.788997078746 
DATA 6481.732198104229 5231.967202541783 3653.2611571250577 3729.6436240099015 4265.844195292252 
DATA 4223.701732491106 3894.541247174099 3059.8925637687616 2842.7466930181213 3027.8763567670726 
DATA 3458.578035065027 3088.424601828417 2666.1616988242613 2201.9442188543176 2538.486984174683 
DATA 5744.50215473791 5516.464582812808 5489.148825619415 4716.716978314208 5987.192805674795 
DATA 7249.660305071231 6848.447856500337 7727.177477081673 6107.548277325005 5663.051776789829 
DATA 4275.674698993637 3536.196708542912 3793.913660662685 4176.694745424255 4134.255385788943 
DATA 3250.3800219220584 2881.70581719353 3169.238602817956 3336.5985711218964 3073.155601853061 
DATA 2587.7064615789195 2446.465225141642 2643.0822491936456 2737.1587009857385 2687.240889003081 
DATA 4731.745559195058 5636.183787852952 6136.084543296039 7080.302677466958 3638.261271543761 
DATA 5578.939778853081 6212.392262854476 7823.970014563005 5866.557267815302 3991.211611168367 
DATA 3587.497601344027 4707.2096252099 4299.988329074354 4478.102751436988 3468.012178589458 
DATA 2663.8982117633154 2955.348082858852 2998.2245175572166 3051.603902200277 2762.56877837626 
DATA 2392.048142365368 2426.967871644475 2218.919459567922 2348.8293918116738 2080.746756267424 
DATA 6076.98992026401 8189.100722667853 6802.334178987361 5783.343531327084 5996.163854420644 
DATA 5377.226627727361 5536.603381823091 7003.185146634264 7307.871742727555 4859.300026731832 
DATA 3832.309008683264 3840.7730394743 4106.631929221594 4240.6421746152655 3593.6772332914247 
DATA 2557.8590973839387 2541.157398752418 2761.9919920070583 2873.6410972335475 2691.171213506449 
DATA 2235.4073359984327 2257.05317787806 2234.159905892717 2450.0323255180847 2257.4165431576826 
DATA 7711.908914452441 5368.957540838693 6029.399272877897 7316.281691773836 6884.310293536482 
DATA 6355.539511100951 5190.0799545289065 5896.39497074657 5528.976724648635 4825.258647332491 
DATA 4482.022260271946 3632.546584528089 3975.3978308224064 4129.425647824354 3222.412241199242 
DATA 3089.464726138092 2765.242191632071 2774.606784462539 2884.7392323613653 2468.573764447482 
DATA 2473.654072568328 2433.2855859693364 2358.3639603942 2578.4540952161237 2056.917229131293 
DATA 4796.113240014026 5761.048969765516 5330.782200721582 4512.486369200653 5521.488041039326 
DATA 4686.49610642957 7424.851840265378 5722.435670162379 4171.940318908591 7268.3222660007 
DATA 4001.116642487602 4709.147300313414 3828.515927178898 2981.9512544776144 5448.9462226057885 
DATA 3360.2170845601 3046.2432319944446 3099.56911417348 2460.5989349526308 4111.632695558402 
DATA 2507.561274905347 2246.0576987867125 2749.3465451416964 1963.4099878549007 2851.449372835388 
DATA 4804.539082492035 4724.549782850377 4513.2194939677 5021.916682044104 4494.434975862149 
DATA 4667.667789077818 5458.975019596318 5120.141677905493 5626.41215872373 4891.565826079408 
DATA 3406.1843835134127 2901.8443522115367 3404.296911562359 3398.572299629478 2954.398283184365 
DATA 2453.431878856109 2531.681603997347 2497.4057176309 2663.5134765056578 2368.406621767765 
DATA 2156.9351231960177 2080.268969871547 2225.507752470455 2147.746049135392 1919.394533585053 
DATA 5954.505302029119 6327.473681050268 4739.439786883585 4747.091726502328 4576.279605900565 
DATA 4967.44748854965 4939.548518820705 4676.625381133711 4342.113156135564 5250.449740652207 
DATA 3245.8961865264705 3325.464545411265 3254.659664547754 3103.8470124893256 3469.7232019657763 
DATA 2549.119001274148 2425.48464879044 2470.932810113457 2345.9343700986437 2404.433985247086 
DATA 2070.79417277686 2072.516230480108 1992.3464415021092 2029.484641407825 2055.2397251162697 
DATA 4409.708926044982 5815.420353376678 5544.408526792165 4878.510160469624 4609.951861680499 
DATA 6809.256783588599 4521.3313339667175 4592.455980980058 4909.224862892442 4406.069141740862 
DATA 4660.188790782748 3076.185844483865 3223.5668525912106 3023.256589064388 3231.1935672083628 
DATA 3037.5275551020995 2545.2828341720024 2713.5111731411785 2322.781179266557 2451.0269240150437 
DATA 2142.08807567101 2040.3087826165568 2128.314203682152 1991.2129480253543 1997.2043437525604 
DATA 6013.0557072936 5277.428946890369 5070.731637877163 4667.422222746296 5219.466554062334 
DATA 4755.231890878712 4859.066392967014 4720.899296012717 5080.02697213793 4808.936016615073 
DATA 3431.089019140269 3369.317547122656 3368.8895829940243 3353.3719430349656 3153.866441203497 
DATA 2931.355854980207 2639.637517753172 2256.5291158934792 2534.6513707889585 2394.946451295742 
DATA 2134.5342345672607 2120.2296430471124 1942.0050598734445 2079.701553729964 1950.3391364490149 
DATA 4233.810228986018 3833.2255598956312 4398.0293600982695 4716.117126022355 3870.636984830837 
DATA 3353.6609534543923 3478.10583709026 3722.985679795114 3861.12080247136 2978.8599798871714 
DATA 2568.380310713154 2555.088253884813 2981.159089234728 2949.651532217704 2989.8297365656285 
DATA 2021.540117261073 2157.388727979282 2497.024418041007 2487.660802756204 2490.157800695607 
DATA 1734.933837830165 1815.0343910011804 2124.5683120757885 1964.8766193139743 2218.064759507304 
DATA 5962.044353429871 3749.745985635891 5458.195725067425 4441.262437557383 4840.12395683008 
DATA 4240.103692058373 3021.056482495937 5251.450512552381 3593.967269311886 4103.160092521146 
DATA 3055.459057368424 2467.0895336058798 3630.605109617411 2405.6880225816285 2942.7915695406814 
DATA 2292.1349390480946 1952.95713309229 2514.0231249217263 1827.038940703656 2154.263441647128 
DATA 1795.9874925151362 1696.71868708661 2063.169402534262 1610.756985774522 1844.8706574145735 
DATA 4133.59410859192 5255.229220397575 4013.202626558109 4385.205078371044 3607.510988528261 
DATA 3715.554871665984 3853.726223511111 3856.2122324394018 4182.886497115927 3056.409390141664 
DATA 2895.7709505630846 2973.692590882624 2935.228899280905 2764.5036948353813 2271.1695543274545 
DATA 2011.6620324274984 2061.3051685496766 2246.6958075842563 2196.9194185702527 2022.319884566443 
DATA 1646.1395181785697 1697.3608479413508 1856.9745418364869 1783.4403462737896 1701.0128974190525 
DATA 4465.400591758923 4195.994362647215 4332.1228643722325 4406.5293529990895 5018.699340206943 
DATA 3791.606148366801 4797.15992641846 3797.53018646346 4168.5052795576585 3268.460707795766 
DATA 2712.176146945308 3143.038348712074 2822.196865481026 2882.9734309103783 2437.9331490372774 
DATA 2219.691488240719 2310.379684122641 2191.757189133781 2079.9306997872195 2018.724195386594 
DATA 1788.7568659148608 1921.4636687468503 1841.0231860612364 1725.8240497742793 1890.2109578895472 
DATA 4673.405470407094 4912.031062303788 6357.646883799229 4310.288255264739 5229.212138309812 
DATA 3553.546613200702 3773.490908962468 5265.413446912467 2877.9222379630146 3885.1617801799034 
DATA 2768.8103095322463 2853.8897926205486 3793.228173970252 2450.518404529047 2555.152510452926 
DATA 2174.3308209151746 2219.89478840066 2951.900023314024 2235.7697454882464 2042.594846487226 
DATA 1956.9068788697236 1799.707100514319 2472.401293805107 1950.2409251298525 1671.9571067358004 
DATA 3891.980739526261 3548.343905900934 3963.5826231634505 4009.812622393705 3797.180728008691 
DATA 3275.2813363537657 2573.01173454434 4089.874851398906 2953.927359762176 3005.534987066497 
DATA 2510.303019306706 2114.8412161123624 3108.795480139647 2404.060495291359 2429.962479112243 
DATA 2037.3292082090484 1771.6232363534198 2490.0618392677475 1879.966354430286 1796.4394948489032 
DATA 1640.5063253259398 1532.311973592201 2212.19861809856 1609.2029676451584 1451.1714595220826 
DATA 3799.6000938751113 3919.221343534578 4693.218399954104 3520.1634811127 3358.233700288977 
DATA 3002.3084669603863 3307.830660252427 4101.17524820141 2911.9616512934967 2813.4061927167686 
DATA 2385.8594830441148 2549.364416806111 3069.6690234143457 2220.0308309682764 2379.8759127211856 
DATA 1830.630426315332 2026.2629016492824 2622.973518136672 1648.6956244303328 2042.6304488821856 
DATA 1514.7834320546124 1704.893245222004 2024.1528159633292 1451.010672766541 1700.845892686953 
DATA 4525.371227581015 3452.049870544683 4821.425939268396 3675.469615568641 3422.324826060509 
DATA 2749.494325613797 3051.86362863118 4956.823786434585 2875.504834121788 3006.344348456088 
DATA 2290.281090484018 2373.207955846651 3327.111079428567 2321.3404406662594 2373.555191019744 
DATA 1926.7041145212256 1726.9676247004377 2600.141336037578 1957.1648767135844 2063.352574921409 
DATA 1605.8021818671805 1553.6545148703235 2201.7045538624016 1632.4684808989616 1737.9153424359288 
DATA 3274.967953842871 3931.81276183286 4287.474746046456 3646.315617368417 3385.3335187502284 
DATA 2723.309412393436 2732.325562857467 4751.510669217556 2857.7780259927563 2985.979276208084 
DATA 2195.2985138403906 2349.3164241750683 3373.864786402009 2194.443146688357 2318.9373505228677 
DATA 1820.4204421067768 1963.47579125012 2464.488653014487 1671.882361641782 2043.6596451542557 
DATA 1556.3224624652134 1582.0395928211726 2209.465066018016 1579.6996735098344 1561.862440844592 
DATA 3390.66517972064 3676.707009498549 3688.210556225806 3736.137550086712 3688.318683196266 
DATA 2962.2269656135445 2674.3474390952424 2988.616281530933 2731.6429974760104 2616.1285015204203 
DATA 2449.6310309593914 2201.765167153861 2382.1208383921403 2339.9907333140327 2076.3341103824328 
DATA 1966.308162019253 1930.7712513386407 2009.0196758162715 1828.6548573920184 1718.438924286177 
DATA 1577.5819400669131 1483.181955503734 1610.142462427449 1461.6704139810352 1462.916924804476 
DATA 2850.8631728367573 3198.791602957654 3347.290613475503 3564.545167455474 3562.928868827848 
DATA 2256.155462240123 2677.7325231966456 2493.9755925258114 2680.944557996974 2700.083832939001 
DATA 1935.74001942789 1902.581527627961 2082.441892544375 1937.3189458838808 2035.3144178735167 
DATA 1586.8939482038038 1555.4115282593395 1861.711493478721 1708.130248890314 1768.5635562173031 
DATA 1431.4235777104957 1344.5219138290445 1606.4331047280753 1547.1542160304582 1518.7812614707022 
DATA 3375.08812775616 3374.44622715646 3376.428083589902 3347.0481198829148 3329.086606378794 
DATA 2762.61821057891 2771.7252664605267 2555.8439662291785 2575.4831791338 2607.8356822848978 
DATA 1994.4834407896983 2017.4074456402343 2052.9796091588587 2169.856263792832 2047.208324241268 
DATA 1660.5365490738125 1511.4961078228632 1761.7072629341803 1607.0643354489769 1730.6387672035585 
DATA 1438.2527544944564 1300.2464264602231 1446.786644549145 1375.621717796754 1481.1045872741022 
DATA 2894.5890518669853 3108.381670072165 3148.828650043544 3312.2702323226613 3160.423054885058 
DATA 2498.871127562644 2738.926267894912 2754.778722912128 2687.451498676669 2417.535381209052 
DATA 1943.0693790847 2224.634870114849 2087.7357065054885 2196.468768978518 1985.2946103429588 
DATA 1644.9803761463377 1806.101304794713 1825.904510245331 1599.250575532564 1804.9332931906715 
DATA 1346.1307783715413 1579.4254711177286 1581.8018975180896 1449.704978669257 1476.1693380062454 
DATA 3006.8635310173704 2887.771220754345 3391.426250191111 3666.935610425085 2595.5447687120177 
DATA 2491.711839735204 2277.5323368269314 2159.2683393245347 2488.1332901899946 1837.3244875980408 
DATA 1916.486966916931 1957.80719781545 1920.3283994806056 1973.0013199089597 1590.3383772377056 
DATA 1674.4894420608666 1691.8809507563512 1646.3356884173747 1712.043248550961 1480.1540746743158 
DATA 1385.6440374618417 1327.2697687751945 1397.6502786644949 1451.9053978556155 1283.1706829680545 
DATA 3335.0280018047324 3535.466252333019 3363.444807633076 3724.3089887250426 3379.081472416056 
DATA 2240.7073961098586 2295.224383772747 2796.405976658454 2817.8945390491526 2279.987751952072 
DATA 1700.761818084344 2065.100959583679 2100.5384956068783 2063.66827995368 1944.9857551048149 
DATA 1402.7373174906577 1706.5825471476214 1843.676893296681 1592.5060274281514 1609.4683139242509 
DATA 1252.035358941694 1417.3958038126652 1521.0728007435885 1380.8012302598493 1410.148700331572 
