PARAMETER cpu_limit
PARAMETER memory_limit
PARAMETER number_of_pods
PARAMETER rps


POINTS ( 300 400 1 1 ) ( 300 400 2 1 ) ( 300 400 3 1 ) ( 300 400 4 1 ) ( 300 400 5 1 ) 
POINTS ( 300 450 1 1 ) ( 300 450 2 1 ) ( 300 450 3 1 ) ( 300 450 4 1 ) ( 300 450 5 1 ) 
POINTS ( 300 500 1 1 ) ( 300 500 2 1 ) ( 300 500 3 1 ) ( 300 500 4 1 ) ( 300 500 5 1 ) 
POINTS ( 300 550 1 1 ) ( 300 550 2 1 ) ( 300 550 3 1 ) ( 300 550 4 1 ) ( 300 550 5 1 ) 
POINTS ( 300 600 1 1 ) ( 300 600 2 1 ) ( 300 600 3 1 ) ( 300 600 4 1 ) ( 300 600 5 1 ) 
POINTS ( 350 400 1 1 ) ( 350 400 2 1 ) ( 350 400 3 1 ) ( 350 400 4 1 ) ( 350 400 5 1 ) 
POINTS ( 350 450 1 1 ) ( 350 450 2 1 ) ( 350 450 3 1 ) ( 350 450 4 1 ) ( 350 450 5 1 ) 
POINTS ( 350 500 1 1 ) ( 350 500 2 1 ) ( 350 500 3 1 ) ( 350 500 4 1 ) ( 350 500 5 1 ) 
POINTS ( 350 550 1 1 ) ( 350 550 2 1 ) ( 350 550 3 1 ) ( 350 550 4 1 ) ( 350 550 5 1 ) 
POINTS ( 350 600 1 1 ) ( 350 600 2 1 ) ( 350 600 3 1 ) ( 350 600 4 1 ) ( 350 600 5 1 ) 
POINTS ( 400 400 1 1 ) ( 400 400 2 1 ) ( 400 400 3 1 ) ( 400 400 4 1 ) ( 400 400 5 1 ) 
POINTS ( 400 450 1 1 ) ( 400 450 2 1 ) ( 400 450 3 1 ) ( 400 450 4 1 ) ( 400 450 5 1 ) 
POINTS ( 400 500 1 1 ) ( 400 500 2 1 ) ( 400 500 3 1 ) ( 400 500 4 1 ) ( 400 500 5 1 ) 
POINTS ( 400 550 1 1 ) ( 400 550 2 1 ) ( 400 550 3 1 ) ( 400 550 4 1 ) ( 400 550 5 1 ) 
POINTS ( 400 600 1 1 ) ( 400 600 2 1 ) ( 400 600 3 1 ) ( 400 600 4 1 ) ( 400 600 5 1 ) 
POINTS ( 450 400 1 1 ) ( 450 400 2 1 ) ( 450 400 3 1 ) ( 450 400 4 1 ) ( 450 400 5 1 ) 
POINTS ( 450 450 1 1 ) ( 450 450 2 1 ) ( 450 450 3 1 ) ( 450 450 4 1 ) ( 450 450 5 1 ) 
POINTS ( 450 500 1 1 ) ( 450 500 2 1 ) ( 450 500 3 1 ) ( 450 500 4 1 ) ( 450 500 5 1 ) 
POINTS ( 450 550 1 1 ) ( 450 550 2 1 ) ( 450 550 3 1 ) ( 450 550 4 1 ) ( 450 550 5 1 ) 
POINTS ( 450 600 1 1 ) ( 450 600 2 1 ) ( 450 600 3 1 ) ( 450 600 4 1 ) ( 450 600 5 1 ) 
POINTS ( 500 400 1 1 ) ( 500 400 2 1 ) ( 500 400 3 1 ) ( 500 400 4 1 ) ( 500 400 5 1 ) 
POINTS ( 500 450 1 1 ) ( 500 450 2 1 ) ( 500 450 3 1 ) ( 500 450 4 1 ) ( 500 450 5 1 ) 
POINTS ( 500 500 1 1 ) ( 500 500 2 1 ) ( 500 500 3 1 ) ( 500 500 4 1 ) ( 500 500 5 1 ) 
POINTS ( 500 550 1 1 ) ( 500 550 2 1 ) ( 500 550 3 1 ) ( 500 550 4 1 ) ( 500 550 5 1 ) 
POINTS ( 500 600 1 1 ) ( 500 600 2 1 ) ( 500 600 3 1 ) ( 500 600 4 1 ) ( 500 600 5 1 )
POINTS ( 300 400 1 5 ) ( 300 400 2 5 ) ( 300 400 3 5 ) ( 300 400 4 5 ) ( 300 400 5 5 ) 
POINTS ( 300 450 1 5 ) ( 300 450 2 5 ) ( 300 450 3 5 ) ( 300 450 4 5 ) ( 300 450 5 5 ) 
POINTS ( 300 500 1 5 ) ( 300 500 2 5 ) ( 300 500 3 5 ) ( 300 500 4 5 ) ( 300 500 5 5 ) 
POINTS ( 300 550 1 5 ) ( 300 550 2 5 ) ( 300 550 3 5 ) ( 300 550 4 5 ) ( 300 550 5 5 ) 
POINTS ( 300 600 1 5 ) ( 300 600 2 5 ) ( 300 600 3 5 ) ( 300 600 4 5 ) ( 300 600 5 5 ) 
POINTS ( 350 400 1 5 ) ( 350 400 2 5 ) ( 350 400 3 5 ) ( 350 400 4 5 ) ( 350 400 5 5 ) 
POINTS ( 350 450 1 5 ) ( 350 450 2 5 ) ( 350 450 3 5 ) ( 350 450 4 5 ) ( 350 450 5 5 ) 
POINTS ( 350 500 1 5 ) ( 350 500 2 5 ) ( 350 500 3 5 ) ( 350 500 4 5 ) ( 350 500 5 5 ) 
POINTS ( 350 550 1 5 ) ( 350 550 2 5 ) ( 350 550 3 5 ) ( 350 550 4 5 ) ( 350 550 5 5 ) 
POINTS ( 350 600 1 5 ) ( 350 600 2 5 ) ( 350 600 3 5 ) ( 350 600 4 5 ) ( 350 600 5 5 ) 
POINTS ( 400 400 1 5 ) ( 400 400 2 5 ) ( 400 400 3 5 ) ( 400 400 4 5 ) ( 400 400 5 5 ) 
POINTS ( 400 450 1 5 ) ( 400 450 2 5 ) ( 400 450 3 5 ) ( 400 450 4 5 ) ( 400 450 5 5 ) 
POINTS ( 400 500 1 5 ) ( 400 500 2 5 ) ( 400 500 3 5 ) ( 400 500 4 5 ) ( 400 500 5 5 ) 
POINTS ( 400 550 1 5 ) ( 400 550 2 5 ) ( 400 550 3 5 ) ( 400 550 4 5 ) ( 400 550 5 5 ) 
POINTS ( 400 600 1 5 ) ( 400 600 2 5 ) ( 400 600 3 5 ) ( 400 600 4 5 ) ( 400 600 5 5 ) 
POINTS ( 450 400 1 5 ) ( 450 400 2 5 ) ( 450 400 3 5 ) ( 450 400 4 5 ) ( 450 400 5 5 ) 
POINTS ( 450 450 1 5 ) ( 450 450 2 5 ) ( 450 450 3 5 ) ( 450 450 4 5 ) ( 450 450 5 5 ) 
POINTS ( 450 500 1 5 ) ( 450 500 2 5 ) ( 450 500 3 5 ) ( 450 500 4 5 ) ( 450 500 5 5 ) 
POINTS ( 450 550 1 5 ) ( 450 550 2 5 ) ( 450 550 3 5 ) ( 450 550 4 5 ) ( 450 550 5 5 ) 
POINTS ( 450 600 1 5 ) ( 450 600 2 5 ) ( 450 600 3 5 ) ( 450 600 4 5 ) ( 450 600 5 5 ) 
POINTS ( 500 400 1 5 ) ( 500 400 2 5 ) ( 500 400 3 5 ) ( 500 400 4 5 ) ( 500 400 5 5 ) 
POINTS ( 500 450 1 5 ) ( 500 450 2 5 ) ( 500 450 3 5 ) ( 500 450 4 5 ) ( 500 450 5 5 ) 
POINTS ( 500 500 1 5 ) ( 500 500 2 5 ) ( 500 500 3 5 ) ( 500 500 4 5 ) ( 500 500 5 5 ) 
POINTS ( 500 550 1 5 ) ( 500 550 2 5 ) ( 500 550 3 5 ) ( 500 550 4 5 ) ( 500 550 5 5 ) 
POINTS ( 500 600 1 5 ) ( 500 600 2 5 ) ( 500 600 3 5 ) ( 500 600 4 5 ) ( 500 600 5 5 ) 
POINTS ( 300 400 1 10 ) ( 300 400 2 10 ) ( 300 400 3 10 ) ( 300 400 4 10 ) ( 300 400 5 10 ) 
POINTS ( 300 450 1 10 ) ( 300 450 2 10 ) ( 300 450 3 10 ) ( 300 450 4 10 ) ( 300 450 5 10 ) 
POINTS ( 300 500 1 10 ) ( 300 500 2 10 ) ( 300 500 3 10 ) ( 300 500 4 10 ) ( 300 500 5 10 ) 
POINTS ( 300 550 1 10 ) ( 300 550 2 10 ) ( 300 550 3 10 ) ( 300 550 4 10 ) ( 300 550 5 10 ) 
POINTS ( 300 600 1 10 ) ( 300 600 2 10 ) ( 300 600 3 10 ) ( 300 600 4 10 ) ( 300 600 5 10 ) 
POINTS ( 350 400 1 10 ) ( 350 400 2 10 ) ( 350 400 3 10 ) ( 350 400 4 10 ) ( 350 400 5 10 ) 
POINTS ( 350 450 1 10 ) ( 350 450 2 10 ) ( 350 450 3 10 ) ( 350 450 4 10 ) ( 350 450 5 10 ) 
POINTS ( 350 500 1 10 ) ( 350 500 2 10 ) ( 350 500 3 10 ) ( 350 500 4 10 ) ( 350 500 5 10 ) 
POINTS ( 350 550 1 10 ) ( 350 550 2 10 ) ( 350 550 3 10 ) ( 350 550 4 10 ) ( 350 550 5 10 ) 
POINTS ( 350 600 1 10 ) ( 350 600 2 10 ) ( 350 600 3 10 ) ( 350 600 4 10 ) ( 350 600 5 10 ) 
POINTS ( 400 400 1 10 ) ( 400 400 2 10 ) ( 400 400 3 10 ) ( 400 400 4 10 ) ( 400 400 5 10 ) 
POINTS ( 400 450 1 10 ) ( 400 450 2 10 ) ( 400 450 3 10 ) ( 400 450 4 10 ) ( 400 450 5 10 ) 
POINTS ( 400 500 1 10 ) ( 400 500 2 10 ) ( 400 500 3 10 ) ( 400 500 4 10 ) ( 400 500 5 10 ) 
POINTS ( 400 550 1 10 ) ( 400 550 2 10 ) ( 400 550 3 10 ) ( 400 550 4 10 ) ( 400 550 5 10 ) 
POINTS ( 400 600 1 10 ) ( 400 600 2 10 ) ( 400 600 3 10 ) ( 400 600 4 10 ) ( 400 600 5 10 ) 
POINTS ( 450 400 1 10 ) ( 450 400 2 10 ) ( 450 400 3 10 ) ( 450 400 4 10 ) ( 450 400 5 10 ) 
POINTS ( 450 450 1 10 ) ( 450 450 2 10 ) ( 450 450 3 10 ) ( 450 450 4 10 ) ( 450 450 5 10 ) 
POINTS ( 450 500 1 10 ) ( 450 500 2 10 ) ( 450 500 3 10 ) ( 450 500 4 10 ) ( 450 500 5 10 ) 
POINTS ( 450 550 1 10 ) ( 450 550 2 10 ) ( 450 550 3 10 ) ( 450 550 4 10 ) ( 450 550 5 10 ) 
POINTS ( 450 600 1 10 ) ( 450 600 2 10 ) ( 450 600 3 10 ) ( 450 600 4 10 ) ( 450 600 5 10 ) 
POINTS ( 500 400 1 10 ) ( 500 400 2 10 ) ( 500 400 3 10 ) ( 500 400 4 10 ) ( 500 400 5 10 ) 
POINTS ( 500 450 1 10 ) ( 500 450 2 10 ) ( 500 450 3 10 ) ( 500 450 4 10 ) ( 500 450 5 10 ) 
POINTS ( 500 500 1 10 ) ( 500 500 2 10 ) ( 500 500 3 10 ) ( 500 500 4 10 ) ( 500 500 5 10 ) 
POINTS ( 500 550 1 10 ) ( 500 550 2 10 ) ( 500 550 3 10 ) ( 500 550 4 10 ) ( 500 550 5 10 ) 
POINTS ( 500 600 1 10 ) ( 500 600 2 10 ) ( 500 600 3 10 ) ( 500 600 4 10 ) ( 500 600 5 10 )
POINTS ( 300 400 1 25 ) ( 300 400 2 25 ) ( 300 400 3 25 ) ( 300 400 4 25 ) ( 300 400 5 25 ) 
POINTS ( 300 450 1 25 ) ( 300 450 2 25 ) ( 300 450 3 25 ) ( 300 450 4 25 ) ( 300 450 5 25 ) 
POINTS ( 300 500 1 25 ) ( 300 500 2 25 ) ( 300 500 3 25 ) ( 300 500 4 25 ) ( 300 500 5 25 ) 
POINTS ( 300 550 1 25 ) ( 300 550 2 25 ) ( 300 550 3 25 ) ( 300 550 4 25 ) ( 300 550 5 25 ) 
POINTS ( 300 600 1 25 ) ( 300 600 2 25 ) ( 300 600 3 25 ) ( 300 600 4 25 ) ( 300 600 5 25 ) 
POINTS ( 350 400 1 25 ) ( 350 400 2 25 ) ( 350 400 3 25 ) ( 350 400 4 25 ) ( 350 400 5 25 ) 
POINTS ( 350 450 1 25 ) ( 350 450 2 25 ) ( 350 450 3 25 ) ( 350 450 4 25 ) ( 350 450 5 25 ) 
POINTS ( 350 500 1 25 ) ( 350 500 2 25 ) ( 350 500 3 25 ) ( 350 500 4 25 ) ( 350 500 5 25 ) 
POINTS ( 350 550 1 25 ) ( 350 550 2 25 ) ( 350 550 3 25 ) ( 350 550 4 25 ) ( 350 550 5 25 ) 
POINTS ( 350 600 1 25 ) ( 350 600 2 25 ) ( 350 600 3 25 ) ( 350 600 4 25 ) ( 350 600 5 25 ) 
POINTS ( 400 400 1 25 ) ( 400 400 2 25 ) ( 400 400 3 25 ) ( 400 400 4 25 ) ( 400 400 5 25 ) 
POINTS ( 400 450 1 25 ) ( 400 450 2 25 ) ( 400 450 3 25 ) ( 400 450 4 25 ) ( 400 450 5 25 ) 
POINTS ( 400 500 1 25 ) ( 400 500 2 25 ) ( 400 500 3 25 ) ( 400 500 4 25 ) ( 400 500 5 25 ) 
POINTS ( 400 550 1 25 ) ( 400 550 2 25 ) ( 400 550 3 25 ) ( 400 550 4 25 ) ( 400 550 5 25 ) 
POINTS ( 400 600 1 25 ) ( 400 600 2 25 ) ( 400 600 3 25 ) ( 400 600 4 25 ) ( 400 600 5 25 ) 
POINTS ( 450 400 1 25 ) ( 450 400 2 25 ) ( 450 400 3 25 ) ( 450 400 4 25 ) ( 450 400 5 25 ) 
POINTS ( 450 450 1 25 ) ( 450 450 2 25 ) ( 450 450 3 25 ) ( 450 450 4 25 ) ( 450 450 5 25 ) 
POINTS ( 450 500 1 25 ) ( 450 500 2 25 ) ( 450 500 3 25 ) ( 450 500 4 25 ) ( 450 500 5 25 ) 
POINTS ( 450 550 1 25 ) ( 450 550 2 25 ) ( 450 550 3 25 ) ( 450 550 4 25 ) ( 450 550 5 25 ) 
POINTS ( 450 600 1 25 ) ( 450 600 2 25 ) ( 450 600 3 25 ) ( 450 600 4 25 ) ( 450 600 5 25 ) 
POINTS ( 500 400 1 25 ) ( 500 400 2 25 ) ( 500 400 3 25 ) ( 500 400 4 25 ) ( 500 400 5 25 ) 
POINTS ( 500 450 1 25 ) ( 500 450 2 25 ) ( 500 450 3 25 ) ( 500 450 4 25 ) ( 500 450 5 25 ) 
POINTS ( 500 500 1 25 ) ( 500 500 2 25 ) ( 500 500 3 25 ) ( 500 500 4 25 ) ( 500 500 5 25 ) 
POINTS ( 500 550 1 25 ) ( 500 550 2 25 ) ( 500 550 3 25 ) ( 500 550 4 25 ) ( 500 550 5 25 ) 
POINTS ( 500 600 1 25 ) ( 500 600 2 25 ) ( 500 600 3 25 ) ( 500 600 4 25 ) ( 500 600 5 25 )
POINTS ( 300 400 1 50 ) ( 300 400 2 50 ) ( 300 400 3 50 ) ( 300 400 4 50 ) ( 300 400 5 50 ) 
POINTS ( 300 450 1 50 ) ( 300 450 2 50 ) ( 300 450 3 50 ) ( 300 450 4 50 ) ( 300 450 5 50 ) 
POINTS ( 300 500 1 50 ) ( 300 500 2 50 ) ( 300 500 3 50 ) ( 300 500 4 50 ) ( 300 500 5 50 ) 
POINTS ( 300 550 1 50 ) ( 300 550 2 50 ) ( 300 550 3 50 ) ( 300 550 4 50 ) ( 300 550 5 50 ) 
POINTS ( 300 600 1 50 ) ( 300 600 2 50 ) ( 300 600 3 50 ) ( 300 600 4 50 ) ( 300 600 5 50 ) 
POINTS ( 350 400 1 50 ) ( 350 400 2 50 ) ( 350 400 3 50 ) ( 350 400 4 50 ) ( 350 400 5 50 ) 
POINTS ( 350 450 1 50 ) ( 350 450 2 50 ) ( 350 450 3 50 ) ( 350 450 4 50 ) ( 350 450 5 50 ) 
POINTS ( 350 500 1 50 ) ( 350 500 2 50 ) ( 350 500 3 50 ) ( 350 500 4 50 ) ( 350 500 5 50 ) 
POINTS ( 350 550 1 50 ) ( 350 550 2 50 ) ( 350 550 3 50 ) ( 350 550 4 50 ) ( 350 550 5 50 ) 
POINTS ( 350 600 1 50 ) ( 350 600 2 50 ) ( 350 600 3 50 ) ( 350 600 4 50 ) ( 350 600 5 50 ) 
POINTS ( 400 400 1 50 ) ( 400 400 2 50 ) ( 400 400 3 50 ) ( 400 400 4 50 ) ( 400 400 5 50 ) 
POINTS ( 400 450 1 50 ) ( 400 450 2 50 ) ( 400 450 3 50 ) ( 400 450 4 50 ) ( 400 450 5 50 ) 
POINTS ( 400 500 1 50 ) ( 400 500 2 50 ) ( 400 500 3 50 ) ( 400 500 4 50 ) ( 400 500 5 50 ) 
POINTS ( 400 550 1 50 ) ( 400 550 2 50 ) ( 400 550 3 50 ) ( 400 550 4 50 ) ( 400 550 5 50 ) 
POINTS ( 400 600 1 50 ) ( 400 600 2 50 ) ( 400 600 3 50 ) ( 400 600 4 50 ) ( 400 600 5 50 ) 
POINTS ( 450 400 1 50 ) ( 450 400 2 50 ) ( 450 400 3 50 ) ( 450 400 4 50 ) ( 450 400 5 50 ) 
POINTS ( 450 450 1 50 ) ( 450 450 2 50 ) ( 450 450 3 50 ) ( 450 450 4 50 ) ( 450 450 5 50 ) 
POINTS ( 450 500 1 50 ) ( 450 500 2 50 ) ( 450 500 3 50 ) ( 450 500 4 50 ) ( 450 500 5 50 ) 
POINTS ( 450 550 1 50 ) ( 450 550 2 50 ) ( 450 550 3 50 ) ( 450 550 4 50 ) ( 450 550 5 50 ) 
POINTS ( 450 600 1 50 ) ( 450 600 2 50 ) ( 450 600 3 50 ) ( 450 600 4 50 ) ( 450 600 5 50 ) 
POINTS ( 500 400 1 50 ) ( 500 400 2 50 ) ( 500 400 3 50 ) ( 500 400 4 50 ) ( 500 400 5 50 ) 
POINTS ( 500 450 1 50 ) ( 500 450 2 50 ) ( 500 450 3 50 ) ( 500 450 4 50 ) ( 500 450 5 50 ) 
POINTS ( 500 500 1 50 ) ( 500 500 2 50 ) ( 500 500 3 50 ) ( 500 500 4 50 ) ( 500 500 5 50 ) 
POINTS ( 500 550 1 50 ) ( 500 550 2 50 ) ( 500 550 3 50 ) ( 500 550 4 50 ) ( 500 550 5 50 ) 
POINTS ( 500 600 1 50 ) ( 500 600 2 50 ) ( 500 600 3 50 ) ( 500 600 4 50 ) ( 500 600 5 50 ) 

REGION teastore
METRIC cpu_usage

DATA 41.10821608760316 48.15532589422053 63.37761082763535 44.44389028220191 46.5148195484523 
DATA 37.59060035100901 25.517144036232068 47.2562017844607 31.27648576972623 27.74126452495078 
DATA 27.289357345480354 23 1302675325098 30.377881192841475 31 35130482809837 30.83834627277601 
DATA 21 8238479736432 16.799049186697022 20.14612926647228 33.677573538169824 27.314548342406766 
DATA 20 51756618162248 12 62592843646298 27.930324778430982 18.265605504436778 17.326682617308407 
DATA 57.45498477670012 71.18034483561057 73.5683160373715 78.20658085298597 78 7011751556566 
DATA 30 4535988232452 40.28710607270933 42.46249506670945 39.19689110536624 26 0965407470868 
DATA 18.418551501167453 20.198621062845994 29.820566823305665 30.32865708472394 23.29368742119137 
DATA 15.185889001276609 20.891529694904204 23.158147321696557 25.974834998321253 21.386140626404448 
DATA 22.71410789705236 15.832969927309192 18.99659024161738 22.65272391739912 21.57063862978687 
DATA 57.160809668615855 56.76309502233509 80.99686067921736 67.48867751085967 60.13221622060784 
DATA 38 6344477260309 32.75027109547628 28.43501499709586 43.741235301959726 37.19465738407979 
DATA 25.350791365792254 21.6062343194834 34.16101604881095 32.62987219172654 28.45521775463527 
DATA 19.29690475703192 24.73312863682015 15.441011889034854 28.75019433785912 19.325641415021515 
DATA 19.595570787288278 18.22161328171696 26.14344275339675 18.97861095538318 18.95157129468788 
DATA 50.3503338632578 58.70052306995706 71.46865128791794 66.39626238544172 67.75025956961412 
DATA 27 2860095947972 27 77387523414043 38.953947731685055 36.38638651847519 30.72205719157864 
DATA 30 03696757061896 23.785003367634467 30 37768564931987 35.25081932591835 24.585043248307493 
DATA 21.799098359628047 20.895686916020647 16.518442282996173 25.849676090465103 25.54485415040771 
DATA 12.154289239282791 15.347684227662906 18.80636906959461 24.734191417691747 21.431212196249 
DATA 63.62336984276127 59.41764705385369 82.30070864961885 71.57825324129932 73.86150094131358 
DATA 39.933773707153485 25.86570743969245 43.88470834948374 36.57819047110603 34.81876705043401 
DATA 17.990540750335626 18.265983625267296 33.336771732595004 29.670329271148507 29.59572160504987 
DATA 14.91494115904533 16.513709200117866 22.733014258152245 19.599776231063338 26.54151748926223 
DATA 13.764852112858607 17.795517686633012 21.84899887167393 20.769401798648992 18.780844744590624 
DATA 60.14407625064281 54.44903686961465 62 0579548758484 41.458021240725145 52 3728498973419 
DATA 24.755322220241297 30.754357829913506 42.63051906875794 37.12614625024803 36.44896272116301 
DATA 23.34596891121201 23.655996643718016 24.900279159305505 26.939458944174504 24.645545572645265 
DATA 13.64158375484584 14.932135549330322 20.840844372960813 19.332184466403145 18.426373515278115 
DATA 15.449913455817644 10.633298838394026 17.423906048985664 14 5097915184071 14.455565147805864 
DATA 64.37266757453118 54.50479083541024 55.78618310309661 62.23511891621498 62.90349049853662 
DATA 27.330840232371266 33.75953071501669 33.311214912247685 31.65121313733085 30.608124005218567 
DATA 19.51943969188908 26.133923214638344 26.789316248674293 34.78951946621155 24.315972324893 
DATA 20.69114411486256 19.113336569070693 22.710039843423576 22.85164728786756 14.76074048130184 
DATA 11.660007604551891 8.944851869815976 17.144733765172678 15.448747698437028 17.841814423124813 
DATA 55 29190868603855 42.95812183182691 79.93842250947215 59.94460849783623 66.81596286214683 
DATA 22.39161492809148 28.947132126636276 33 09881456639214 34.84825801478226 32.6311845953854 
DATA 22.562889004403416 20.86101838912236 32.744112250216844 27.528851075791444 23.319657613480675 
DATA 13.598139906813966 14 57133251335904 23.22984998491945 22.186130559786715 15.549949845527069 
DATA 14.790518920478693 14.86633381627032 19.301763176317174 14.485189959232276 20 11972844038464 
DATA 45.51795847834889 53.79185552395716 82.18409745741151 62 5871703744773 54.90132146529245 
DATA 30.500917007740345 28.874367781224297 32.20363866527989 38.2007873281217 33.74035954333365 
DATA 19 17838181912246 18.18612625900245 20 2019038346038 30.52669606898316 25.906663164117628 
DATA 14.552105779757342 12.366377344043649 28.203224608432578 23.78867796113 23.72339005685685 
DATA 12.44984862190539 12.36408994915182 14.297476906393074 16.47674903137598 14.48545491495366 
DATA 52.87418884406002 48.10382808428211 59.5182157594738 50.39495036933127 54.89384237515237 
DATA 34.31397880697963 27.48505007244145 38.35434334173211 27.84240144768835 40.96440826020186 
DATA 25.28735222026323 20.72595334310177 30.4933174090931 25.304404076205987 29.477405672297664 
DATA 14.53390764063389 14.991793965946416 16.87519282017322 25.218072356703235 22.95379988556189 
DATA 12 71324207226157 16.34437149805191 20.314462958466272 14.181325008502084 12.47885603544669 
DATA 41.38980956158309 47 94279464872734 55.94993194489672 57.34078950287011 44.98468391953914 
DATA 25.872460038094346 28.545031511042364 31.59445499044765 37.12661786898862 32.70911184527042 
DATA 16.934849730501305 15.291077993380563 29.5024410953327 24.52829028140481 18.174798364083703 
DATA 14 22257273203913 18.475129873394103 20.797552719285367 21.211846276262907 17.203615853427188 
DATA 13.82659042649027 12 90438124089772 17.24857009389115 14.57747214653418 16.74257794843349 
DATA 48.88764419056184 50.946066268940456 61.558383203283206 57.51256730158094 56.70071610166288 
DATA 26.752905061099 18.70034272513596 36.91515076334077 35 0972145747013 33.453463137554145 
DATA 17.326711576251984 18.60908868463751 26.32194964072459 23.579115510704177 21.52530874106208 
DATA 12.630087941260271 11.716420616508795 21.148570505679228 22.36193315913732 13.806702096270232 
DATA 9.755190382775211 10.711066800381976 22.812111138134608 18.21906940517721 17.257027351873816 
DATA 62.54451085941356 46.43872568719963 62.71683755528048 61.837662018611184 56.40504252638295 
DATA 37.78495428218489 26.91629105755423 44.87054938421589 30.416311028238237 39 9646823318347 
DATA 15 6811827178558 15 43828026635367 24.726178500737745 25.941079041169115 19.50052268370701 
DATA 18 8316946637881 14.975349104816477 17.152571260393593 19 80961142385387 15.792767076354808 
DATA 12.36829140749324 12.465755862320425 15 24492656152676 16.505992558281896 9.150268425426658 
DATA 36.50653050426556 41.20035184522405 52.94075649577417 51.49103287571419 26.933281851499515 
DATA 26.87264289238192 24.23043743258896 37.52739222815305 38.50909622905333 28.91232184238485 
DATA 18.46336905364215 23.707830729045163 29.69310044343084 24.73080791715716 17 8702081036434 
DATA 15.45404400461952 10.501621773406782 20.366212931353285 15.252155661977202 18.93422634578099 
DATA 16 13599928323437 12.236424959082594 19.95098031186889 13.613242184190362 12.857510865831504 
DATA 34.90223062318867 30.37334426585484 66 0640087893073 42.86666393273923 39.1316130488507 
DATA 24.312090068261675 29.597284479462587 35.27021827099406 33.79206616115258 34.50486084474603 
DATA 17.756219727277795 17 39092364607168 24.785859211736845 18.87081479344259 20.44355818041194 
DATA 16.27407651415497 17.522805837816716 18.68865006531673 20.729218143932844 17.178468226002504 
DATA 12.662527040636418 14 0978329813828 24.63335571938526 12.741251187618284 16.260229094136793 
DATA 24.74385431634626 32.77249640158043 70.56419876486733 47.88752143793501 41.61358023919591 
DATA 26.434325240464787 23.80043474720868 31.638034124779495 22.765992400408187 28.25784990538814 
DATA 14.92817316897128 23.615591543171483 23.733579068606584 15.23460654380118 17.85731014412563 
DATA 11.145193799354228 17.605775200219878 20.94649204713275 17.69819507946852 16.89568054849051 
DATA 10.785334201901108 9.358769428173192 19.746076638160368 12 82474252831094 14 68597834978048 
DATA 42.81919893732705 46.45992192862013 63.42818819362591 43.36819082004698 56.474022334174286 
DATA 15.547213766225669 17.809706061418343 28.960637681338127 25.49227197094432 24.15215915913139 
DATA 22.556273702204116 11.880157189554284 22.319129463039115 18.157991189809188 19.44512218342588 
DATA 17.283524225744525 18 09211867194043 20.879903425653684 13.94304868379774 16.935213533199683 
DATA 9 92716580601389 10.472981590926688 12.365728828292728 10.289577103443229 8.333026411033087 
DATA 35.85119884769424 43.36032606421784 48.31591397106872 55.13784194216552 20.875409725936787 
DATA 22.89232507089729 20.751556616476798 33.2833130237408 24.20768792245677 28.541133005437075 
DATA 20.10992299315801 18.33164119170357 20.668162400390315 22.708156382851325 17.76703536562792 
DATA 14.165200234010753 10.879672108098436 17.418730123692413 17.816866341810858 14.24733083871324 
DATA 6.88029145783984 10.32646564761692 19.299704798718288 12.417510036681191 15.66100303513675 
DATA 33.514002211766645 36.374325093474425 55.134390589241335 48.93108874539677 53.523163643029946 
DATA 29.54607580321839 17 70221593186123 29.459348390983813 27.514122225397376 28.55251898975417 
DATA 12.277509213913866 15.86101104776317 18.132930028526733 20.71877068879333 18.4631140269446 
DATA 12.963692922545386 15.41512881002916 13.197989646285585 14.205130047122834 16.313821164813366 
DATA 11.793136321073549 12.713830806922058 17.134701353334165 11.88713416146238 12.288990133082022 
DATA 43.62633511514734 50.68146396760648 63.66824396106195 55.13884441298759 38.24916454007312 
DATA 16 76937418370267 21.12950061255615 36.77553861529118 25.261464524756075 34.89054039405243 
DATA 18.673806907379785 10.999327046551644 18.497415710588825 22 552021687744 12.82703133617412 
DATA 10.349914667497252 12.93633027013267 10.409722556944503 15.730764109990917 20.508274735714878 
DATA 11.12527362359487 17.104925118669236 19 34609083416697 14.7664853185876 11.758462738190325 
DATA 41.45798332251015 16.426937579982013 64.39346490272918 48.69255103708699 41.18474030288137 
DATA 7.716660913188608 25 652551903478 36.314510309245904 23.432017795416257 24.61217633022088 
DATA 15.135634195987116 17.187722645025175 29.65217814056104 24.70702822804874 11.23651526153067 
DATA 9.150419261546173 12.66297670310966 22.312787800106797 14 59728321236587 11.9579544173615 
DATA 11.378325187088574 8.110538802275848 12.153613521739276 10.370812011074191 14.626111644672475 
DATA 29.49223093258322 39.78596123082 75.63015324520268 32.87525966267968 38.1162892749655 
DATA 26.253907954730384 20.999130196254896 55.83001744882208 21.5341432663327 24.98288236633019 
DATA 12.704776481954989 13.220296516948409 35.75284127803879 11.96718867733372 22.58044345728584 
DATA 13.81621469390374 13.917651656301176 28.65489522128133 22.98879118588557 12.561597949229304 
DATA 9.607887248815318 10.98842229638197 28 93427022435165 13 03829492803492 10.281188310210934 
DATA 37.948814897916826 42.545761325566616 78.43237027394512 40 2205934823119 46.37070710237282 
DATA 21.3732161586988 18.463522384850933 50.60066717666125 21.219013566545605 29.51651033872129 
DATA 12.576650978487484 15.376005410043676 38.12149352301687 22.945130126550865 17.576244436174896 
DATA 14.481645015952251 9.56293147042834 44.239210947782055 15.13426004239497 17.185119467865064 
DATA 6.517835656398764 11.59485338502339 23.47367364501762 10.119981516438932 7.751176704988395 
DATA 34.599511585744565 41.94811929881456 66.96924382357827 41.39956494928068 51.396763096128176 
DATA 19.999142150306994 21.417509555366838 21.710686276752934 27.164306180238427 30.359063512635448 
DATA 14.900674820329389 15.21549465348014 15.24317488955281 18.433505062573985 17.909158080176013 
DATA 10 69117773143104 10.681786576256307 13.21347189839054 15.674508332034303 12.617586906901744 
DATA 12.228663042906824 10.943877324856864 11 24301760770577 13.89727264292875 11.333722015223186 
DATA 45.434039190013465 50.65109410256775 49 5180150392763 40.605918512912254 44.78866484408656 
DATA 23.64702986123117 16.966271735737923 28.23435285630361 26.58854109168641 21.312129783679875 
DATA 14.560068812135318 22.801523002569606 19.81268062057559 19.51947061853497 16.26898106911457 
DATA 11.42978293793368 10.918370219641144 15.542806327554064 13.163741428937636 13.654882750327925 
DATA 7.784902401889119 12.840967578158924 13.127491966505056 15.25155959857876 13.812599605476134 
DATA 61.24045848712909 52.15436883244583 43.27513992793253 56.71213741124707 43.32816762903551 
DATA 57.52072291102536 55.99887325098465 58.3480312942959 54.6751436616591 57.45766309237161 
DATA 39.224064013895934 37.66372524173083 38.24973283756017 34.158609515200766 49.96746281813639 
DATA 28.68366933587058 32.74716837257578 24.84140000293242 30.255944154718247 34 5895115321985 
DATA 26.51925745350909 28.756142151576903 26.612831220359254 22.23564231464085 24.641751234581047 
DATA 55.55526243467799 74.49558914339711 75.25542293721837 70 3061844745113 87 0064351661445 
DATA 50.65794662045536 54.88881653394424 52 1475794244277 50.11715320672728 50.39687721546216 
DATA 43.32122963742191 33.47001690971643 36.90538894991701 36 2291608472959 41.772735329514326 
DATA 29.518908479552643 28.56260198348572 30.81602431952304 32.47500491834019 30.58740393499905 
DATA 22.21608779059543 23.336109886300207 23.11214370879493 21.12249172441416 28.67729904797293 
DATA 71 9188407723622 80.66557145168845 83.57478340888281 65.17665355786846 77.73109394055726 
DATA 48.15126735388424 47.64556572027247 48.44941167343388 44.859976688096886 43.4640854596335 
DATA 36.72991069260839 35.43374346078112 40.90493919082483 35.28172748379267 41.718965742499925 
DATA 23.694826880355336 27.907517257184708 26.294087046758992 37.97116809780862 34.79536864759429 
DATA 24.982965038186336 24.59646727901028 27.40774408689798 24.52230414588233 27.855222553499907 
DATA 68.45295255944292 58.319774802333285 80.71648008944484 71.19532858333508 78.80948548615977 
DATA 47.708674227179856 47 5582035449049 55.99415078298917 47.13009527811103 53.63139273130674 
DATA 36.77693299587204 34.91267842559019 27 71492024548935 32.955294388720425 38.24697931331552 
DATA 29.91546833247408 32.5911386595319 29.840406248519795 30 90377326187824 27.11891858982358 
DATA 20.66024120904337 26.808072364755056 23.330816038282315 24.427694997601005 28.766262619761367 
DATA 84.3844091961818 72.86534927613043 79.24664712956711 63.302347217335125 74.48251196878236 
DATA 57.60623682004311 41.82669921950805 51.93426343206141 44.45096879565708 53.62311141237439 
DATA 40 4245693682801 35.23786845109583 41.70211998733368 33.66275337060525 33 9554010052992 
DATA 31.92903868202647 31.892189243654208 35.196273065919044 27.57676684413973 31.70690945898228 
DATA 26.473637997470146 29.307099625542048 25.909369988492276 29.2234800916642 24.540553912532054 
DATA 69.15070719583588 53.986507779052566 60.73093976347055 64.66440405540675 69.83989891740384 
DATA 42.69690160188817 47.53413529855595 36 5545451268782 37.22836146758839 39.65578826550539 
DATA 29.65005330812011 35.62239390204622 34.29517124764638 36.156757671329245 35.76131461605579 
DATA 22.86444001679779 25.43834632164944 25.44605696450335 28.173321801233573 24.16981846785927 
DATA 19.71357446965221 23.529157846406505 24 29320031332706 19.326739273097097 18.81846364267856 
DATA 67.78829002321476 79.46511319903439 73.44052433947301 76.54256841723063 67.26159617967299 
DATA 42.88653372288563 43.286721869378646 47.94956080447589 38.177024020739175 46.25972454520951 
DATA 33.73152780981633 35 10985191169034 31 61422172912568 33.513986975496444 35.20024773953168 
DATA 27.31262150878458 26.212331447927856 30.48567419022513 27.906668877157635 26.24200435321656 
DATA 23.898563392130185 24.688652012792744 20.81375176439327 25.968050619425405 22.8870960504375 
DATA 70 9245304242 61.353910179954205 77.25916408599576 55.64409748249411 64.50112837982367 
DATA 46.70535297455813 49.30954116296501 42.75712301851679 38.35117046250339 34.94774798154711 
DATA 35.80499617446457 35.13264583330514 24.491843503473863 37.95153937404293 30.618890266292016 
DATA 28.376788195663256 29 80352503427072 28.19059340218625 25.591209716367317 28.377834606896297 
DATA 25.208178624882837 20.36755002107109 19.686899877050458 19.500293152672683 26.22902253999844 
DATA 73.44685810246847 69.42252974729918 67 1554740690699 64.83783632957791 63.29150865394149 
DATA 48.73099771550233 41.558470369250976 49.975174666770016 51.63752999876435 40.100456506010254 
DATA 28.57352938991661 29 5370129466253 33.713403783011046 38 8015992613668 33.538967192299864 
DATA 27.601057040152405 29.29059631148069 30.887860960037106 24.92623324435282 28.16400365412403 
DATA 23.943929269806844 20.210495681381555 20 9583527963376 25 2401214703012 27.24051730473036 
DATA 64.65518343007581 90 0533327183553 75.74817576997052 73.72254932584433 68.55572256927447 
DATA 42.67850068488863 45.7007451508853 45.54450967920696 40.39262621181295 41.55629384766381 
DATA 33.44849508547064 20.99547412683109 35.80976476722274 34.44422217678633 36 816776603177 
DATA 24.839709286574948 30.457406642088785 29.58475602589623 29.873065768665224 24.56418845950025 
DATA 23.616823917308228 27.348734317661247 23 5883789151218 18.232487841895946 22.50723627165652 
DATA 66.91366489841069 70.2457862934662 67.58321239927422 65.66486936095741 71.89088103473885 
DATA 45.58471774703862 29.69881840435022 42 37655811811526 35 9481549980849 43.12013317708189 
DATA 28.46899230199385 29.311364551870085 34.881992124728335 32.57427801417189 29.80025886535664 
DATA 20.47412490361864 25.720475606974887 13.89803978100178 21 05994878057567 24.12870717511683 
DATA 19.75849686800778 23 7579873930723 19.92294489931225 21.70246630828584 21.71054017650058 
DATA 76.464397379457 62.7806519327327 69.4995693201978 58.21511669115836 55.35345281761249 
DATA 37.59584919892599 41.133456026492674 38 7139055635043 32.91195636979417 38.36055113881093 
DATA 29.77191668741372 19.716994892661944 35.56811400080226 28.588629788251644 28.94776808885373 
DATA 23 402692897208 24.97259175339893 22.695413041587045 25.54137532812174 20 08929971281763 
DATA 20.873694841392435 17.985180293874674 21.38234004159973 22.1809033549284 24.3426117411843 
DATA 71.33052899782308 76.37083937586543 60.86902527605633 39.99343419188598 53.513737320723074 
DATA 37.899207263445206 41.22616755486374 44 3456202078622 37.33332288886368 35.57776568470759 
DATA 26.483051404109517 27.496340084431864 33.521444470839405 32.515376946110365 31.25763366026831 
DATA 21.758350506167133 25.18629902922959 25.52179857685346 23.96173528459681 25.590394996740777 
DATA 23.18055959643289 18.92086303082165 18 4537336214541 19.51563463633748 22.34782744047475 
DATA 57.94716326292261 72 5863714159698 64.86702954455087 38.60531981880403 62 0141934856611 
DATA 34.8408529438948 39.40930499614421 37.61126510175995 33.79910948895048 41.241609548710855 
DATA 27.691037668551445 23.139200324911325 30.88910059728884 31.148004127047425 29.54317570323456 
DATA 29.189555807822543 17.58783516475662 25.106101197824344 28.144648225518285 24.17387667885151 
DATA 21.563653775917714 21.40710653600794 24 21153109230752 19.6412377265186 21.79492857141417 
DATA 73.19620693485543 73.13458447112434 37.71952785142561 53.78982579544377 59.8465608967721 
DATA 36.83150586258195 44 9452809944068 32.76426309359525 35.55473858296052 38.3336882971393 
DATA 30.62259569487994 35.81899901371213 30.731449573017542 23.237056003709903 31.42932154216132 
DATA 28 76149783470942 24 52977137227543 27.76754982654853 25.89778569714313 23.667278347663636 
DATA 22.76209594044273 20.375308706931865 24.116636484301612 23.706747874828757 19.57970058169848 
DATA 68.23109182705763 62.39349365180762 66.12560139472042 57.63968164263471 62.73904724517561 
DATA 32.72989630518817 31.375926468721595 39.45812116401158 44.68675417861586 38.478246061691074 
DATA 26.22964973752073 31 22578705879443 26.312735200070414 22.152433213521316 32.28674011072887 
DATA 19.50664207434657 23.686960215483587 20.897677314666947 24.402558997450893 18.56610716358831 
DATA 17.611888702589813 21.669252707030655 18.50670958141108 15.887519187185893 22 0517914632652 
DATA 66.30356392023779 67.16308112331551 38.572166961054734 66.2811117961842 55.67017126191206 
DATA 34 75812450119635 41 3143250497685 38.13665375060236 41.38424234684845 36.20964876492116 
DATA 20.759519579719555 23.33354119634914 32.206141993550524 24.406163118487267 27.25065688053649 
DATA 21 5517570265937 21 14204886930685 18.98194908101372 22.18939774305429 23 80650106003795 
DATA 20.95523238436441 21.61251619862269 19.46707822947268 20.421106098665504 20.37494198251424 
DATA 61.19031042307101 59.476215993342535 58.66018969127938 65.73064238032096 77.7817086575669 
DATA 39.87067712286287 24.90160092945388 29.97498441397205 29.94083343872089 31.815290413076685 
DATA 23.643788114623675 28.677150361024317 25 02223016730397 21.842916858103617 27.1628044676234 
DATA 19.98306693327633 21.62138159398214 23.35720452450784 22.5494544152445 24.307032669711905 
DATA 20.696301770883338 19.195244986001512 16.225613094347338 17.819046322925796 19.740208491460404 
DATA 55.44846797248229 64.37949373021335 59 9529758844826 48.94476962537582 57.408610200644006 
DATA 35.92539090196932 35.73783461437089 34 5975475065421 36.74191907981124 41.43690341419668 
DATA 31.801574779235786 27.40329861725625 23.18738297662556 27.53304794834322 22.80559810523601 
DATA 17.74229512473391 16.621553404836696 22.420702142637595 18.455876917278324 21.401095105200472 
DATA 15.999984040221197 19.24813686831516 19.38968865644783 20 47238840909397 16.645037573337707 
DATA 61.34711177344322 69.83983762707304 75.22738765058347 57.72372789087567 71.78049684638952 
DATA 40.259783569079794 27.967692831315755 33 3835537144016 29.216781028117364 44.57343191076495 
DATA 31.777930165098645 23.35043039924988 26.741022303741417 29.62534944375917 28.58873299806208 
DATA 20.165854649267885 24.196362655620543 23.96101247740061 21 4945123815681 21.39226674996699 
DATA 21.93714220742121 18.652768901306256 19.37285335474788 17.34668595550801 19.82718047861753 
DATA 56.94557251977259 44.65802868517248 56 72583187001214 65.15216821801678 61.90951155441251 
DATA 31.84174715965015 36.59004987054948 39.432591733063646 37.86625177318156 38.69418610208148 
DATA 22.848911571434407 31.8684254382591 27.294347813951248 23.4484301127257 26.538252113136807 
DATA 21.16759639865173 15.316720071587415 21.7118933864376 20.830309921325245 21.90684928583564 
DATA 16 68779612506514 15.828251127220993 15.707368503273914 19.86965823512814 15.36194919436984 
DATA 53.45912254926119 53.80689610345341 61.217975214506566 68.80031640770191 57.11437522234963 
DATA 36.8136361108682 28.149198153869875 40.299269536180645 39.97444385178747 41.30226584145591 
DATA 24.183759296272942 23.86559609353122 27.69490622611317 26.36257669893462 26 52167073100662 
DATA 19.852734643648 21.52177461958705 22.42558029274898 19.88537925667813 26.120764490139223 
DATA 18.146387714642863 13.392802391709214 17.912569224933442 17.131384233463326 16.66284450610745 
DATA 55.76778419271566 66 3789605437443 65.1485781813786 61.88562446439041 62.1084331443742 
DATA 39.22220174627374 33.73175485655409 33.286199870217274 35.72025020774874 37.385584241367376 
DATA 16.7182039293304 27.27091004108848 26.331333476089497 26.808071047231422 22.985847615339186 
DATA 23.171225231085888 20.24491166555828 18.129071895021134 15.899440792534724 22 6547559687844 
DATA 13.747750575095669 15.708108372921185 18.334995347040973 16.208877562905975 16.886972541110755 
DATA 49.263354430350105 61.209161289976784 61.25294234222064 45.76457645701127 57.38439213811713 
DATA 32.88724683898712 35.61674723494912 33.69714449068342 37.28891138493295 35.83705303027704 
DATA 27.938471492553457 26.77049453834993 21.63751777275513 28 17855595104383 22.732132491164563 
DATA 21.234646020794997 25.68800713078158 19.73437097816525 21 7371005419135 22.408457099730043 
DATA 25.83532567410726 17.745610305259817 12.372687399692053 18.768717118395152 14.46335450622226 
DATA 59.16059361552211 45.605966225386325 41.74113262223649 65.92292650914943 61.46177138005841 
DATA 32.253605576416014 30.98051843703601 31.37810798870319 31 3393978791445 35.72467923603884 
DATA 23.311830680888274 28.33046417737113 26.454888741447103 30.307347271355248 23.2596947840623 
DATA 14.387433816153608 22.136074735388505 19.9860152583584 23.18168052276567 21.59834356399788 
DATA 16.297182707367664 15.594644465211037 18.346194851598725 15.225813256921953 17.862644924651228 
DATA 49.38104442617733 55.69309874376611 66.50578527397997 53.35411406271964 42 9893064813959 
DATA 51.3481092967618 56.1051273360112 62.18723126591405 54.340249472600384 49.74159437099334 
DATA 39.948532705268285 41.33198021457616 45.955802618384354 45.25556576255126 43.95008444009198 
DATA 37.98041536046559 30.666790088600845 30.95981720582984 35.212797580949584 38.74728641485989 
DATA 31.3550601025288 28.151759585675844 30.34014592643637 32 8145227226866 30.807746294513287 
DATA 70.3504868984477 58.84165973088394 69.4768659861567 75.24092370709778 73 8658438212565 
DATA 57.60490431560663 45.29440600167916 55.81821324953954 51.27933284198644 60.61438288299151 
DATA 39.386017204517856 43.60756863797876 46.17617026407099 45.77596036693178 34.11006285399981 
DATA 32.819225368451534 33 94651501170155 26.607449000516898 34.6477281743333 42.480156606883206 
DATA 29.864178003861426 27.598804341402023 30.783045083797788 32.33878144774461 34.32905179747368 
DATA 68.70198781522856 73.82298160534742 67.75956778672794 68.20871134966713 74.74114511553474 
DATA 62.40344744466236 49.82098532467779 51.17841091463341 66.94789940971668 63.52446614864618 
DATA 35.673810023281035 46.43791757824349 39.56231717590118 50.43326891678 49.93999796134876 
DATA 29.710192609133536 35 5663447670079 33.72760608728768 34.33714323746937 43.26095629838333 
DATA 28.131988564232312 34 3343861403032 29.7450046933761 30.209911687434808 33.34792564100078 
DATA 86.48032610940754 60.22568984143197 67.77527182586283 87.1021194992786 72.89206763376235 
DATA 53.96509463176828 45.95257495913543 50.91713820944371 74.80534855434267 48.85920477017124 
DATA 32.79711965930698 36.58473625200536 42.27534533653816 54.47497711429684 46.55681278926851 
DATA 38 1111800157969 29.880481232222344 35.16511151293843 38.3235667571932 37.93549779028364 
DATA 24.85794513491572 32.29734135624266 26.841892237738996 31.341981246247983 30.485629032445523 
DATA 71 5412409536476 70.38677228910437 67 6753130784439 61.53622095392917 75.18995381890176 
DATA 56.14067732270908 53.1367274832398 54.35575127435995 60 10060679130746 58.25105888522327 
DATA 33.165308997067015 46.178716864661496 49 481366819654 44.73402031394921 47.31276261375267 
DATA 31.159715368719468 28.95864302423818 30.59281808995412 35.40814233506356 31 9688449121156 
DATA 28.53685498678706 29.828924815981072 25.9537654739013 28.25575307315858 30.477101672417348 
DATA 72.41524144463855 49.65812530259816 68.65751937481801 79.58092140061856 68.18080996439322 
DATA 52.75149260434284 42.38685930194215 55.25798521929856 62 84085339504895 55.58195198191394 
DATA 28.57768202324798 34.68861377193423 39 8804687085814 42.33710976874937 38.72372823699144 
DATA 24.860989104519472 30.683211057849828 29.465689830317245 31.94587725939993 31.434482161048752 
DATA 24.312918560347445 25.48430022616669 22.87964351057319 34.369729739906745 25.935697646193223 
DATA 63.799003349773386 47.767946165814045 78.15765972913975 45.51685274725652 73.35742910654446 
DATA 50.91884693742461 50.56163896545899 59.4111899549405 67.95106389061765 46.530852203622686 
DATA 30.24436481360216 35.12155233995921 31.376092907163947 42.14841514434304 37.23222732163308 
DATA 28 87755675646623 26.326831761227396 19.822177410937787 39 9266229017941 33.23841400488873 
DATA 21.75358943526172 21.664832537417052 24.49645173540292 40.52558576852248 28.448350704074095 
DATA 70.12381757395914 74.56949915700174 66.47301685264911 78.63597995834542 62.35888919688364 
DATA 38.943187770514434 35.95032557450684 49 6740081784495 48.43236644286443 55 312147841562 
DATA 37.79622325346443 35.360238858837164 36.81733089265067 47.76521389491615 35.903183092647815 
DATA 25.321554021673457 26.51903187885688 27.354112538066623 35.60271997642162 28.647098169409773 
DATA 26.420261354835016 23.52407755043221 20.34877673760326 31.978791100251076 30 8372108788161 
DATA 67.31065335889969 76.74646188686454 70.23906206839521 71.9997584189177 67.55001265959811 
DATA 44 3683992881378 34.451630320817884 51.19149348253441 48.70810868634968 54.9938890545126 
DATA 38.75086395411701 31.725943924789316 31.58353594608816 47.683220778410046 38.40297546618946 
DATA 25.36806949031357 29.287878575647373 22.614251778754337 28.662478818412417 31.338847741824924 
DATA 20.70882670075414 22.10151691604548 27.1372056607808 29.79029381026519 29.52445459257411 
DATA 59.692106966917486 71.8749908854586 66.53158400037076 73.71733282392057 65.67904464451799 
DATA 48 8269637721688 51.71657400754061 40.22496607103106 46.44463311744403 54.55262637281976 
DATA 36.253942658729805 26.65452116597874 33.63571873532116 42.68775488340032 35.153389132632306 
DATA 27.6319900271276 27 00523830485047 27.533075524664728 29.515900141110595 34.63481036709774 
DATA 24.191847561761552 23.343283375319796 21.80155176378313 31.234180424566496 28 13918685223764 
DATA 57.7555474998039 69.6404946060942 65.13722936644912 68.45665779314287 68.97672086273873 
DATA 35.221582072426635 47.864279670683686 35.51518189395263 37.98312208066351 46.66962778840849 
DATA 30.751967760028176 28.794100895796323 38.24590131428409 33.556689894061094 37 189674429672 
DATA 24.722483442132077 25.886017785358213 25.220469464891377 26.367239196853525 26.81266658855532 
DATA 20.37689045689077 21.79732539582744 20.945148034245847 23.75098759109549 29.921784404715503 
DATA 42.93711016967395 73.32914963809209 51.97167390075854 81.86130168573135 64 6787346790283 
DATA 44.878487955195965 50.270601690811255 35.64902664162819 51.347458295202976 47.94474758446473 
DATA 24.12853915157156 28.86119928561404 26.448075558214665 34.81301836996038 32 5418625217994 
DATA 24.122381224127626 24.36266921262719 27 8469215780242 26.50151822524183 25.3041355894491 
DATA 23.16140420747864 18.966899137225614 27.306259106421727 27 99988790146718 24.7381984612868 
DATA 66 8309971664836 75.73400394079825 30.156126025925 76.81734491620989 66.12571146124043 
DATA 45.73813321658691 38.43365612907559 43.750308705989646 56.15447610768238 51.79247510117322 
DATA 27.34129767638538 41.27298844734224 31.797582370535363 32.32793198068602 33.73341865394288 
DATA 21.474632220217057 28.332288843722075 23.583698861780963 28.78102551444457 28.313403197310265 
DATA 20.95904579471648 23.571530051792795 20.859671571658364 23.98504000785166 27.734350415770145 
DATA 59.88598397894765 54.83451139355971 74.15110137434515 63.16588177356907 54.88921725176184 
DATA 35.47110607869046 38.56071294895409 45.90929264576855 47.34151545059023 46.80803673740107 
DATA 24.258913509774004 35.18764299436707 32.649804707855445 27.594114292291625 36.44091924195515 
DATA 27.103047541749493 26.984279845207443 23.73756620061169 29.841353053566195 29.80861114680075 
DATA 20.234843934153773 23.658023423967187 23.33168245474125 24.2860321900154 25.618466072021118 
DATA 61.54701567120908 51.89079176788382 74.48982524313475 70.30176271722497 65.3670455019611 
DATA 42.24473854382179 41.13043220570077 42.23093418225943 45.2949325765671 47.80013803287981 
DATA 30.67281440613622 27.10926849637081 22.169150675650435 30.54474502362717 35.47626701699435 
DATA 24.116384569815907 28.76900159930475 23.57574947229947 32.12248041320633 29.59294131139112 
DATA 21.21565931911201 20.654395165874185 21 8376856936368 23.716771388015196 20.158696688749625 
DATA 61.55398991243317 65 3032327121493 65 0950179891382 77.17363650390423 61.45104403352203 
DATA 36.935226047173984 37.83234378458689 44.31479379269711 46.70674815184911 39.755382344454766 
DATA 25.713806001885796 27.69393018371777 27.94056038562624 32.56964857958447 29.847844511378305 
DATA 18.943068102902664 22.499927693927724 24.43762837538471 22.796762428952302 25.723117042631223 
DATA 17.767451559391564 21.38495649018339 22.662260159361317 24.156371777826127 20 10689603976022 
DATA 64.6986474638634 75.69547238619647 58.18333811357432 76.69514096725925 59.58207741805981 
DATA 31.34459677170596 44 94436823349945 39.90925806521189 45.85485658577359 43.78733507978141 
DATA 29.16862876878227 32.26574618764936 30.93537131117787 32.707170742214814 25.86508474550189 
DATA 22.812703307952223 18.705360935758645 24.96534239589544 20.44431141696069 23.545519963180883 
DATA 20 9826807885757 18.46979570530312 23.20871589827514 19.521067152415306 21 5860833983779 
DATA 59.57845737328864 75.15099499202226 56.43393137313646 76.28471853201016 65.17921249296033 
DATA 41.27797947690856 43.17428073048816 32.624328910863554 40.898234208128166 45.4435479658859 
DATA 28.86581154423063 27.344708164148383 25.626551486605614 24.861779788126466 30.596158069829634 
DATA 22.565607010224657 24.52654331302861 26.734907579439582 27.30561967715305 25.24866218538131 
DATA 17.635308455172158 19.90153126385541 21.79330679113948 20.29917494908417 20.530131323843484 
DATA 58.94784937392719 57 32239393533054 72.26869127748299 84.14897090450275 77.57303131878278 
DATA 41 92799493949805 46.26988256427991 37 3356492457359 45 2773686281444 53.59469556557466 
DATA 26.365065199372165 30.919388592943672 27.55116424444489 33.24587536410229 24.810576458796643 
DATA 18.438485734629875 20.89592405533548 28.17655352573053 26.71953759102496 24.951602821752 
DATA 20.745943394932223 20.587372895934944 20.987764648963715 17.50611034318397 21.634434691882017 
DATA 56.55175719453579 73.65309980155398 70.42607116411757 66.56442930815737 68.6461977143442 
DATA 41.700517427452304 43.91566865049627 53.27083193202062 40.71199795536551 40.977682170788974 
DATA 30.210642148113592 21 1705514244029 27.348315972328567 28.9426191185176 28.12651118289177 
DATA 21.878352507131225 25.340842463710377 19.82670623062677 29.4271193967928 26.57539655380855 
DATA 20.562338405666768 16.32995067089642 20.76445617674221 29.509872738008887 18.1522859335667 
DATA 57.192646378934285 60.173183134937965 66.29806908797607 60.63267774597824 56.76901619787078 
DATA 36.222030613202826 34.88286376524586 37.16377225006932 40.275816216029256 38.65072575291893 
DATA 27 7871355493721 19.85517509564988 26.49844964028306 25.530066027591413 27.32136984811875 
DATA 17.730416060920888 25.69707119581909 24.373023700558424 23.818806084245185 22.992208153624254 
DATA 19.37797878326278 17.42752338331911 16.873640762943328 20 5695470755233 17.925746281124677 
DATA 54.810968763006514 79.78107405505166 63.12321529714984 68.54912962907254 64.81933345591338 
DATA 40.29742947787764 47.80878070936343 33.82866199106216 45.70216714874551 36 5027731705445 
DATA 25.50115368261347 26.943223038080227 26.755394033292884 27.531532991913547 26 6986312620848 
DATA 21.819792117398197 21.49647662695001 24.1945299756377 20.75314392892913 19.25539944461907 
DATA 16.309353394002255 20.532523234697965 27.392380241615875 22.12498932331852 18.527692781681388 
DATA 63.12341984056726 51.6759898492636 62.23624560457574 64.52373829811968 58 2841131194656 
DATA 32.53506950832164 33.655086411560845 40.514180887319455 39.56999319236259 33.9799980046561 
DATA 23.22959846856379 25.44830466709548 39.203884043164784 44.88468463174486 25 967620524762 
DATA 22 7326263490917 19.72529346456891 27 9802369582164 22.301716356188415 24 04200852344017 
DATA 17.445221243048675 19.362576864849004 19 4222186678958 20.28533150157848 22.61199733143957 
DATA 70.97512251696294 47.99199486966325 57.3975189263851 60.24404676385671 57.71137679997178 
DATA 41.74827513319977 33.202268159760095 45.67105204101787 45.77017829142622 44.23628671972556 
DATA 20.39094173499208 21.680808837994757 30.950372338872068 32.90148933820393 27.338237579742422 
DATA 22.165812836084797 18.78748721299785 20.80423925820713 20.54804602670805 26.574992434109355 
DATA 21.246539154306014 18.852179293534444 17 88278732924618 18.93924851981077 21.171430049921295 
DATA 63.45103798871237 64.49281314946533 59.50455309429064 68 0595135427862 74.35080418808558 
DATA 36.63243209070073 33.38163526535723 37.81255473498208 46.12946528488684 30.850467415132016 
DATA 24.91446382320319 27 460005621136 35.557223218882484 27.439798586965 32.37780848288105 
DATA 17.287278858292662 19.93593526229444 21 84120155709986 19.403932370585 25.72845714638108 
DATA 20.335045669860648 18.6489397443947 20.81814417426537 16.504443026209284 20.265241700811217 
DATA 69.2553724194018 71.44522154280958 75.76436089744672 70.49202596768636 60.30287639780503 
DATA 74.85137947146431 85.21120206845868 86.1874653290061 68.21730632262916 67.1138125931659 
DATA 64.1567704085902 73.3451148697785 73.54703254295464 65.34915536297969 59.23681711761693 
DATA 62 7604592137113 68.50257657754061 52.68629793081313 56.68488687361436 49.652325105653006 
DATA 48.75900057791027 47.74142144256329 74.78899113549826 56.79398047650999 46.377804643344966 
DATA 87.99922121489752 90.63011830421324 92.7195302415438 79.15320930236501 77.9844501567833 
DATA 61.25437523629151 45.59851015491298 69.32454993929971 67.87121150200123 71 6944037849868 
DATA 71.51826290062336 68.68932609401985 55.73044950609587 71.9043944896098 55 37900339342606 
DATA 57.955851963078615 55.74683627808793 54.273134558503166 51.342538952866136 64.80189791992397 
DATA 46.94662991090193 46 28052637942416 55 1758620152887 49.95311866496061 57 6376171052787 
DATA 74.69507617744277 91.64812920357882 73.77443538625099 86.46770429838648 77.22220680113688 
DATA 64.485941699282 67.63839867887317 59.19940048118158 77.10049035731173 70.9852390770984 
DATA 64.32914474070985 56.111918455680765 64.96387998665797 58.213053002449946 70.98166664485004 
DATA 55.51455149094466 61.633318641261184 64.62830727000859 56.71975424202743 55.15707261154788 
DATA 45 14836486626166 45.35032061292125 50 11197727200525 46.42883829804087 50.494379765353614 
DATA 75.38380268143287 70.60426155500762 90.5724015199059 81.35344033763747 85 9964262672018 
DATA 63.89615066987078 68.18970655443088 65.16115110835197 70.8681194798714 70.15651325914338 
DATA 48.30283587137263 67.68935410213656 67.39060346489401 67 8348212187104 63.23278613843304 
DATA 60.13234574845866 62 8929732196619 56.90290124434221 52.15762391677932 60.43237671854768 
DATA 47.135639489561925 46.1499322222631 50.495250371087934 55.8990598232552 50.661451012582056 
DATA 79.2804013630125 71.37733178744516 74.28260805856125 80.71198218594144 75.85215132629625 
DATA 63.71409365035446 60.25773213203884 70.90968959783962 73.49193051209517 67.72016140828192 
DATA 66.22432467194822 54.50083062486956 56.89149893476493 60 81412492993394 59.6489675850203 
DATA 63.159262641167096 60 1345153733176 50.1067624418266 53.68421529557422 54.53349061547971 
DATA 45.39832544676642 50.66722828752316 52.21448307131471 54.88633279755019 54.67007611847605 
DATA 69.86923049221512 78.85740603844347 81 330140550892 65.92322510267788 66.83558610507811 
DATA 58.219760577309714 54.2637913151892 65.60044843296714 71.49845337011561 66.96070621903245 
DATA 56 7347978222844 55.5767238821248 49.495012113702536 56.84295623756392 55.74493700353996 
DATA 48.60324611966877 45.11540813107139 46.69296535088547 56.26040346593408 50.83192502050561 
DATA 48.96986063086308 39.51571317798313 49 5947588114099 48.24044386892444 61 9806138044716 
DATA 60.11668449273287 76.19307897563249 71 9876186771592 82 313958908006 74.60166528135673 
DATA 53.60446829560629 60.29164075609727 63 04287802140766 62.44430127631728 50.98054604271403 
DATA 53.85545831580756 58.88889761778793 50.758410685059474 64.19724851691636 57.412835870378586 
DATA 52.327623236598654 59 4903294813043 53.92628049036441 49.98670132673603 54.32558027230882 
DATA 41 3650359542834 35.23800404746461 53 7721891086182 42.771811979542825 45.618463271311605 
DATA 75.64503338487724 70.25083598042079 63 53846493772255 69.56225300668028 74.90112595307833 
DATA 63.82553499923771 61.28015113294363 58.6247610369155 71.98366721312021 66.2682061675304 
DATA 48.66037793094671 49.62246376572385 60.80625137187834 63.855093660629024 63.25455008880802 
DATA 45.73303133880744 51.36613665538424 49.254561638519206 53.7156472900264 56.43142493468541 
DATA 47.85677586102842 40.13052952003866 45.624990250184254 40.72336775222735 39.98029016710706 
DATA 59.71275417987553 78.43162383946488 72 4351149982581 62.85206251436235 71.84802961461111 
DATA 58.78923863435784 69.16107775621965 77.47109779736284 51.36386941313968 59.29828963248012 
DATA 57 5446595227194 53.24909366248348 54.42976104429744 55.92923834031787 52.88908540535677 
DATA 55.80382446197467 48.57999567692256 45 0752940096162 44 9249345848857 60.172572028275525 
DATA 44.313760835581945 50.45064641441906 52.21432753783709 49.487032955191886 25.804129052882125 
DATA 62.88862587841334 83.77019166829082 72.50881860639183 59.22538071138737 74.15206499671896 
DATA 66.16293153276654 63.39916632964942 66.50825344235182 60.10499731849006 67.1488178734908 
DATA 60.18162161792242 47.66222990004741 50.83502891183719 60 5935170862245 55.757236608115306 
DATA 48.75143433191389 59.72551191447894 49.70933830147941 51.438610199498015 53.33835546498264 
DATA 42.47989661241139 43.25730353631435 40.6793147849324 51 5798024906705 49 4726026001893 
DATA 79.74764999292456 44.67585268606641 63.968423395625855 64.67322093061895 77.32234860735042 
DATA 48.35770029424644 59.31895029614267 59.10851140815232 65 0860823689308 64.86232425857513 
DATA 44.90214037541259 52.23474213056332 54.35299833033064 59.82205721153264 47.69971143320682 
DATA 51.22045865986843 47.763614602881006 53.76955043321151 45.14451299567289 49.39968526498946 
DATA 35.757990164751085 39.36609966982679 27.47860759216877 40.197520712821486 37.807935468003485 
DATA 65.64227695405474 56.42478676943513 68.55044217009966 56 7837218906041 82.3839938798547 
DATA 57 0000922261942 56.56360439684945 58.31600302639093 53.50805505001337 50.709241421670896 
DATA 45.198882392793095 51.78403444929581 50.55858406252583 49.15450237244201 62.91903969226629 
DATA 46.26626591603658 55.25038061277183 39.52081583418934 46.218156139047 39.73649358094811 
DATA 37.22284816162157 21.287946191944297 43.19449777078883 40.89511820230697 42 1185088564479 
DATA 68.38515968797778 63.69477350675364 66.97311283426956 66.34441021644591 73.37304098098487 
DATA 63.625404150423584 64 299499633592 53.2812945997986 57.55832065581989 59.36351479730791 
DATA 56.590660876443366 49.58264879594925 54.923409743365134 51.7008633147513 58 81936987164944 
DATA 50.459778628487655 35.61245594442992 44.67211250299205 45.44097811851704 47.16381743837221 
DATA 38.38677410425878 40 4888691728166 35.747995582965856 35.9674959417929 35.72960359853686 
DATA 66.88783617580805 80.99988217322273 74.92093433899878 60.68762603873168 63.718638614575326 
DATA 40.75385897741633 59 2075329879846 60.34385995043853 52.15632600580799 60.40974251423591 
DATA 53.92121078391209 52.78750484252337 53.50507760400368 47.54300934182218 54.41034491727426 
DATA 38.83860075558765 50 9971354112105 40.12590826090768 48.16718468723085 36.62251039366695 
DATA 34.41670969813761 43.67308365254557 35.76708319579792 48.18546521645628 34.39090393266663 
DATA 70.78966238722255 56.27593808213202 62 3859245074889 66.49746035059522 64.8296446637135 
DATA 58.19348051816694 49.965683334184654 54.67359550892406 55.94884960963397 61.50485641640227 
DATA 51.42057853825472 55.47571913187498 58.97945365566295 58.68850978535266 43 4629181426558 
DATA 38.9382833220302 40.44124306922458 41.43972860103996 40.23244334727338 45.37427739180176 
DATA 37.46203761847079 34 9432177091856 36.39240768744724 38.38979359613965 36.43720451371662 
DATA 73.99748921678305 74.27346786363792 57.140008106595815 64.96472020492327 68 8922863335273 
DATA 47.41379802544614 49.49572678051263 59.32992303275719 46.214103416649216 52.9024884860434 
DATA 41.1482897039508 44.977938340018966 54.10150690520733 54.32237969285358 42.559745031720006 
DATA 31.601195650847284 35.92547446324095 41.96451383762746 43.61938192792139 37.89283768218165 
DATA 30.788363201161417 34.40320931032481 36 9539334840012 33.271454772768905 32.846964822236174 
DATA 69.7560527715394 68.71835847890053 55.901141300696565 74.1826857465226 71.12552511304227 
DATA 47.84189627538512 61.26683839661646 57.14919275008913 73.278749336376 37.32688574238342 
DATA 41.72612222875226 35 3935825817379 49.45687922146594 39.43500737016467 38.91182224343097 
DATA 31.578142637827824 38.13012491896946 46 9382476053621 28.52928716709455 48.771951521521856 
DATA 33 52345292823695 27.80006231981138 34.289975759778535 33 93654216754 29.56937348208564 
DATA 64.32713912373552 68.90165106257331 75 5002666488977 55.53428913122224 69.50653222582254 
DATA 56.28850885556567 51.13773870036285 55.80157475044536 58.54797001766883 58.93046960419257 
DATA 34.2679510032946 44.71201594114976 49.14323043476433 40.62532796570272 49.336041071285 
DATA 37.28097200975122 44.387779804699726 43.98137719022273 33.7572457578607 43.10054028510393 
DATA 30.16139183639204 34.62512097455353 33 464921196802 34.35624520538874 38 2425731539522 
DATA 73.124394840234 75.13154934861953 56.379606250892415 59.87256026902399 64.12907658405138 
DATA 67.57662405775555 42.73935371687775 50.93900106992649 56.69135178434761 49.8310217731586 
DATA 49.70340089034392 58.57292435948707 49 3410440753895 35.88538796232265 48.57223257397387 
DATA 41.67328848210911 42.48969909286455 44.64448395909577 36.1308945135014 36.874697795753406 
DATA 30.468707674885067 34.62114228486176 36.81384331211742 31.79366591099929 33.404572801653444 
DATA 62.71778131256836 60.88926130030044 64.3505057769158 70.61583858863634 68.86251931902557 
DATA 60.81325584848248 45 57436391318966 56.96480592028991 54.9484481372 57 43317682279564 
DATA 45.5760673645575 44.116563725973045 48.12974838893481 37.16732806832129 45.94049308506316 
DATA 64.9724191638759 40.995060471046905 38.63413642782835 49.62238791778251 38.42265120130831 
DATA 38.97972481982564 29.770063522005263 33.15074803479226 32.33548478398512 31.718103078901414 
DATA 51.15302116701321 65.42480220921753 66 5150315332214 61.94976956141626 65 9477071677345 
DATA 51.44196874457006 48.27920883139142 49.23966303469752 55.87233234965189 46.23282104649613 
DATA 42.87790170418525 42.36720608306794 48.42780227822252 31.480393007656403 34.451792842830606 
DATA 32.66809913824844 31.38197045871182 30.703956481416643 36 1593278782685 38.12524832294147 
DATA 30.719818757697286 32.65596040922273 34.84090405200112 32.14914930740783 32.35953597863305 
DATA 64 377483087235 72 714990557296 62.593552311190486 68.25262412489245 56.373337098329046 
DATA 45 2560679417215 51.72013208760211 53.42965625797585 53.87240343321344 52.70328386831447 
DATA 38.92296562279947 40.24839080569592 45.72287886935523 40.59778825739229 43 6579817084293 
DATA 38 174982748591 38.64077366814217 36.42432299077488 27.152986088070428 36.31757331644141 
DATA 27.146314466673388 36.6826999179533 32.36987530747283 25 99907565085285 33.75785051018293 
DATA 66.76817312633305 67.38175539857075 50.98977329244484 63.47977997161585 64.3590167411903 
DATA 53.2893610485792 72.72336615890471 56.615023715367855 59.49360071252684 49.44507040132605 
DATA 41.31574124679301 48.17131453924143 40.25354207047839 51.39034757845761 41.94114064645586 
DATA 27.809949119385923 35.567485518671866 38.24413004148119 33.992982118014986 39.37394300309656 
DATA 26.26019989066551 43.870244644815145 29.47248836760265 30.530843570207534 29.69654161656252 
DATA 58.7834979990171 82.57084246824125 50.30882947431587 57 1068316976418 60.61036284173909 
DATA 44.66643912903377 62.58726183841167 48.45489451739022 45.33891635268164 49.285915135729645 
DATA 41 9911109878344 52.21846117433881 44.67932404946581 44.988264673601165 33.46586221010841 
DATA 25.878387354925025 45.47293064546644 39.90362623808215 34.51400959319275 40 3148039206875 
DATA 34.78312637740702 32.96228544194805 32.225670142885214 26.65588192938364 26.579331702694976 
DATA 52.39265498565256 50.84517309004961 76.11895844961164 54.47752047052197 54.35817888116583 
DATA 54.11130247037612 59.77806285851729 40.98215958917807 46.74312563415078 56 5800226507846 
DATA 43.94021503453871 56 86626141068194 41.96580070758524 37.11106356422616 34.13705769591168 
DATA 30.497150475132997 48.28439219736452 33.877698248707176 34.56694685904285 26.661946627942992 
DATA 29.45065027463774 52.888088032105244 34.785157909560645 25.492551901145013 28.448678859242683 
DATA 66.36980754507674 99.24581423823793 69.97055179429941 54.75072505224864 64.18509924408842 
DATA 81.71244340637958 69.86400475229536 59 940885989472 65 2818908993446 63.35856196997921 
DATA 61 8229075414853 59.728394485433775 63.42545250832385 67.23650784784897 59.99876226417285 
DATA 58.4304160297532 60.31187509423746 57.13289686229605 50.10653564906457 60.3945728742905 
DATA 54.945207097546415 52.599280439501854 55.81701313762347 40.84780800893332 63.950299998241945 
DATA 75.98683292945819 75.28557810010646 70.50282364361036 62.699716672137775 80.47045324647318 
DATA 58.7709584474047 63.65741599327111 56.82573743572895 67.1136514593109 71.19930716221742 
DATA 64.47843029434331 53.92454591429925 55.89541200140811 67.98181501223286 57.1253363922249 
DATA 59.50056536119524 57.337129437237216 52.61669973081248 53.39225767046704 67.33517035180279 
DATA 53 62300753505625 48.692286647403726 51.89159780351814 54 9718817060433 52.43600800166154 
DATA 87.20825196203167 71.51694235318259 64.1283495465362 78.22019246630241 85.62866256095117 
DATA 67.77893898666878 73.12310167939887 51.207915969113934 63 1054300412716 64.97153664821388 
DATA 64.82495964829488 55.76297760141349 57.84067984516913 60.35426273515591 62.94509722943648 
DATA 73.5370009601561 65.65238534068386 53.744213613279136 55.44912058623164 48.300146777288525 
DATA 49.14215268353807 53.34484043595912 49.297167904764144 49.397553185324654 51.665692430752976 
DATA 76.1683483780292 68.58332983601414 74.55819481457146 72.48412697247562 70.61510289167451 
DATA 74.89491021975088 74 7916440574097 62.46071915210234 59 0669797713388 60.642498825551655 
DATA 56.57256281962391 57 9221555051529 54.88098031517786 46 4280112187838 59.36806549092825 
DATA 58.2838956225884 52.96084903157849 57.48070016043752 61.62636420122741 66.4014744004947 
DATA 50.84337299328895 56.45643689967082 54 9286698829 57.30783926832903 37.137665685467816 
DATA 73.61432143440005 58.91478009223137 41.83554156581489 55.221416792133496 85.94150762968121 
DATA 68.25498468058494 59.6260131794769 71.2069152283968 64.1169633482606 67.42797205054163 
DATA 69.9857144856546 64.59145082962203 58 6606874893786 58.76502249218793 72 0696799295456 
DATA 47.983824967901775 57.96000874921784 57.25006628211735 52.183477409507695 63.77211164532339 
DATA 46 0489000782441 54.951102043340725 54.61502421229785 51.662212167453255 47.79287234245271 
DATA 73.41630681266916 73.85486475670442 75 970792171272 56.45361060105044 83.10406272560499 
DATA 52.53723076880038 62.73406849182479 64 7595683212917 65.55978687359185 58.75334468163376 
DATA 65.42974622108653 56.97583445931402 67.97851442880781 64.31786850610087 69.12636748757214 
DATA 61 3046829591953 53 1331024344655 54.66041958059226 47.77038409907856 58.231849249620005 
DATA 53 5783334125643 42.54307975279421 51.98974987116341 48.45904772409133 56.27354723189275 
DATA 81.9708592398634 72.83293122999483 70.71595649322434 62.37737993737003 44.35474525483941 
DATA 63.33218576924583 53.45967066073701 46.30526547833924 48.72589462364928 62 41229379593794 
DATA 61.83039199257156 64.2933626946076 68.87337597211854 76.76074050059583 61.43421078471647 
DATA 61.8603022604848 49.71385800120181 56.84481303323674 52.35737557006041 57.71541954688895 
DATA 49.79840388603033 54.14417888864109 50.38167637820005 52.78379895177336 48.93799911553071 
DATA 74.7417574046443 63.48548215082911 69.44333992747356 74.73872418240892 58.62199232764157 
DATA 57.66957549055372 62.7722021891157 53.64642254214505 61.42233439046344 56.33512774481778 
DATA 59.89042189547263 48.73127224252434 57.72170933956251 50.35674699762462 49.70678966380366 
DATA 54.65516745388736 48.562276052362265 50.286741687345625 55.95412112325169 62.586855751607374 
DATA 45.7896997575568 44.17824310593688 40.699949889270414 43.65834321346525 44 4004544366686 
DATA 49.84675913701037 73.94576997634171 67.72522896877358 76.90805849680675 66.33256568033009 
DATA 65.73731406811245 58.985137066336286 60.10661147306481 65.72277397523537 60.36642484369681 
DATA 45.3373797369865 69 5942063658658 62.40159058556665 61.19013987180635 61.17157174782943 
DATA 52.24566614132553 60.17223872762108 50.14067870456131 59.61969303525957 41.31446170828259 
DATA 48 46354962819336 48.843154043957874 49.118113409957 45.25997186105862 54.6403171695673 
DATA 65.68422778630608 65.62902925164651 72.35875292849974 77.72537484049626 57.13382947016888 
DATA 53.94604194455589 65.48131214990075 58.99062313112173 67.92155986147955 67 7567048629899 
DATA 65.13624108080452 60.81339863735764 52.7579427658277 59.9579518851349 67.31383705235513 
DATA 58 4771055826388 44.18179098644901 54.234882659740585 52.312168303534136 49 6475700788274 
DATA 49.11096240903047 46.50099284753691 39.318599736780605 48.80508447380723 42.95915319131172 
DATA 53.407038357383584 64.99133046685407 55.8617380544261 69.91686176258712 51.60792450827649 
DATA 59.31750802448888 61.80740584903605 63.43328498432876 60.35304523640611 58.27611675062266 
DATA 62.68276230472445 56.30798731794778 62.356250068728095 59.24624012991556 47.17064479950823 
DATA 52.23174739584503 46.4144871328179 41.98485292786557 42.27647073362184 55.40885564783486 
DATA 40.4342418781623 43.16098016686526 47.11706730008144 42.99126921866818 39.10705666466037 
DATA 73.59150132732177 67.87488641335176 69.72608641479972 69.94427136536358 60.88248842503892 
DATA 49.50666726101914 42.61533644130103 56.139227587263086 56.80418054529719 56.53765752282792 
DATA 53 086601054895 51.46806170433752 58.16326587677637 49.95916721712508 53 92959576389504 
DATA 47.52708488386629 51.62367265840128 57.111435458688 49.78791838277082 56.70434871819784 
DATA 41.37990530604794 47.40710997619318 43.634332169770985 44.646281932403966 52.79634961085621 
DATA 64.69511204862113 63 2230538410158 63.92468647408462 72.49661623306001 66 5030865752452 
DATA 56.772218428682685 64.19408168747408 59.20340975628776 63.61588031152896 46.147288128702165 
DATA 37.265536751044806 48.69043316167546 43.638853135060245 51.80347574985645 50.31635158522212 
DATA 50.493814750573584 50.39782780114299 62.49205608462262 49.29597482685767 45.89595886196743 
DATA 45.65910206167511 49.192573846609605 49.87387198536075 41.41130702669916 49.790855467485 
DATA 60.44933661562167 69.8043672239883 50.25309880795908 73 9888637348617 75.74523717436628 
DATA 64.88842945384275 51.84776786173386 63.55819823149269 45.31704251483538 49.52426319485557 
DATA 60 1892318261714 48.32748400591396 72.43264880953764 59.40945347538175 51.68869312411135 
DATA 35.97945340633228 50.11036843642019 55.15388444812193 50.63357591123127 54.10047020452392 
DATA 46.36201663797196 44.82384527753389 48.65481193791656 41.241217829238 41.70325937260026 
DATA 65.7871278730678 70.81860426218975 76.20494163904297 61.48391869570779 65.99891131438436 
DATA 52.74635033470171 56.47544690369489 65.90853858106553 59.46091129707951 48.58687919215038 
DATA 46.70542331798402 53.23615081526346 61.6822852107521 51.545703478503135 48.93461165760616 
DATA 61.6671321514384 52.96073919664096 48.76021887554216 40.98268684970963 53.89986764297541 
DATA 42.12825402479837 30.76019735356794 46.83264438327607 39.24223044326824 46.68181909281711 
DATA 70.17398662745944 61.475408960082966 72.24690043780986 75 4933851304698 63.40097950687059 
DATA 61.7205909930294 54.81943083799263 73.97724309366293 58 1645141746949 53.52649672642254 
DATA 44.3236970383011 62.82594769824887 62.3453395495948 61 1335791514438 44.15573979310953 
DATA 52.61500761788349 49.9750987959033 52.70637355810733 31.49691301681643 52.16590751289972 
DATA 37.50183040975682 39.40868626404847 57 1525686799207 39.27336039269159 42 9837542293749 
DATA 32 1583484924176 76.3777655062423 69.17383462820197 59.51074493172922 66.34450737891724 
DATA 41.31416475997109 59.44923716108265 71.59598991152437 47.52293899429457 56 70322969851176 
DATA 53.15158305652441 55.303862905029455 58.75318423303544 50.28442318890454 57.28696946662734 
DATA 39.6301221232311 46.77087297577808 45.53232994562551 38.93810486481747 42.14586870737816 
DATA 41.73388668777448 51.53155090841515 37.8712457106158 42.59632420546577 44.20691129994861 
DATA 63.71330354475384 54.6222459204406 51.2725534565087 62.16418878158798 66.98414813258312 
DATA 56.88572836963928 49.21788252992289 68.55612872465589 59.43279155838932 47.74114208886351 
DATA 61.5484479055606 49.93974177471939 54.47163061763913 39.4833851353872 54.33214385104125 
DATA 51.11364117300754 53.60812158155767 59.52667058597031 46.82418064285095 40.2330114073958 
DATA 32.970278551594056 40.22846369492374 52.13746975062325 46.87660196535443 48.771413519644206 
DATA 60.50670032761567 64 8852010533829 61.451355837508224 55.82770264779608 67 8707926834248 
DATA 42.46733759492427 59.50073230214058 62.17038194683004 49.16898859710798 45.24019600054813 
DATA 50 5259794587795 47.25258511122847 62 34083238796114 52 0703889115158 47.6073094207733 
DATA 46.51100240334853 40.781504102370256 51.601045299231416 50.6082052688906 43.79794729411952 
DATA 48 0652822570986 39.10644133668853 43.41631855955359 39.61967763213898 44.96276123928096 
DATA 43.66399994857024 66.69512801106184 70 0374264447277 56 9078718473082 56 00015876491375 
DATA 62.50005940322129 53.16608693938149 64.44703944545168 57 2866273467048 61.81413397748975 
DATA 54.40052314572788 59.93163061875296 69.17007781707152 53.98279528979634 61 0795952102957 
DATA 44 695156936466 47.59402270068537 39.65059255219286 49.72220055468284 39.644380232127205 
DATA 40.59639625501687 39.72397190228585 45.176703940473125 40 5548219787012 41.50379950929258 
DATA 71.33521409971385 53.753506433024455 69 8135772727006 52.33457099763661 72.6521387580448 
DATA 45.28726636475394 38.54343354395992 52.23975035648232 60.48880942787705 59.12056310799858 
DATA 46.21986158106298 54.86780805866545 45.10874810408587 62.59157074021114 46.20129694210522 
DATA 46 055248414385 46.73943797606323 43.53150170551742 52.25853041493969 47.19667800953409 
DATA 34.66750846357495 31.5938313301747 39.71778006064182 33.19297485726366 40 1405604114651 
DATA 57.37007186903441 65.19725425997599 50.33116935747471 59.47773700352418 56.52400245626476 
DATA 45.6007441404556 51.177793105613645 48.818448850290665 59.91350984307172 50.93993054743124 
DATA 53.91941675690853 42.4564344334855 56.63086921793733 41.43284914744515 46.29209835089169 
DATA 45.99301270042528 43.30785972441653 45.27434503020229 42.97805110045767 43.89562191540352 
DATA 33 611293923801 37 2757308431963 34 9020633802628 37.64778719243456 30.11716050571728 
DATA 53.56242921267864 74.10401451105434 72.90866337301931 71.45784076648542 58.359905523172976 
DATA 62.71038985903658 45 3359714933851 66.64696805392119 53.86195157550125 62.35087221375897 
DATA 49.56058409832063 45.17620637516048 53.39834601249306 40.573842885365885 57.73837518846526 
DATA 32.20951144489305 37.82029943789326 45.45685758942677 41.93533982871424 39.24423895364533 
DATA 29.16965921807024 33.435372244193694 35.50358384399933 30.297525184800666 37.50314299168596 
DATA 64.82190733879567 70.30688466322927 71.2443678654886 61.7454652083133 50.87576338053458 
DATA 58 2923741828652 61.75116446617854 63.68152020531158 62.573930445082695 59.119840958451846 
DATA 51.97535850963201 48.65262715670852 41.616006988760816 52.41247641024123 51 4195021349664 
DATA 35.95787022924898 42.75102673993008 47.84206371186149 38.51739294987099 44.25491980851796 
DATA 32.947434434310395 39.89686370811935 39.10172095602857 39.70430601451545 37.21098931623453 
DATA 57.199970579752005 46.417837630448766 75.4247534100674 65.72275700812453 54.88333413992465 
DATA 51.28611100354828 58.84339971313449 51.95791947992158 60.991592835703294 42.7687500836893 
DATA 46 8422364987309 47.18019967864599 53.97739996160424 47.939628825170864 46.68825701483704 
DATA 45.403031664956735 45 7159163935654 40.49547596177738 45.39180143238144 45.58237722932292 
DATA 32.478928937421024 37 6866139421472 43.10057968964816 32.32356688055744 36.74887336205897 
