PARAMETER cpu_limit
PARAMETER memory_limit
PARAMETER number_of_pods
PARAMETER rps


POINTS ( 300 400 1 1.0 ) ( 300 400 2 1.0 ) ( 300 400 3 1.0 ) ( 300 400 4 1.0 ) ( 300 400 5 1.0 ) 
POINTS ( 300 450 1 1.0 ) ( 300 450 2 1.0 ) ( 300 450 3 1.0 ) ( 300 450 4 1.0 ) ( 300 450 5 1.0 ) 
POINTS ( 300 500 1 1.0 ) ( 300 500 2 1.0 ) ( 300 500 3 1.0 ) ( 300 500 4 1.0 ) ( 300 500 5 1.0 ) 
POINTS ( 300 550 1 1.0 ) ( 300 550 2 1.0 ) ( 300 550 3 1.0 ) ( 300 550 4 1.0 ) ( 300 550 5 1.0 ) 
POINTS ( 300 600 1 1.0 ) ( 300 600 2 1.0 ) ( 300 600 3 1.0 ) ( 300 600 4 1.0 ) ( 300 600 5 1.0 ) 
POINTS ( 350 400 1 1.0 ) ( 350 400 2 1.0 ) ( 350 400 3 1.0 ) ( 350 400 4 1.0 ) ( 350 400 5 1.0 ) 
POINTS ( 350 450 1 1.0 ) ( 350 450 2 1.0 ) ( 350 450 3 1.0 ) ( 350 450 4 1.0 ) ( 350 450 5 1.0 ) 
POINTS ( 350 500 1 1.0 ) ( 350 500 2 1.0 ) ( 350 500 3 1.0 ) ( 350 500 4 1.0 ) ( 350 500 5 1.0 ) 
POINTS ( 350 550 1 1.0 ) ( 350 550 2 1.0 ) ( 350 550 3 1.0 ) ( 350 550 4 1.0 ) ( 350 550 5 1.0 ) 
POINTS ( 350 600 1 1.0 ) ( 350 600 2 1.0 ) ( 350 600 3 1.0 ) ( 350 600 4 1.0 ) ( 350 600 5 1.0 ) 
POINTS ( 400 400 1 1.0 ) ( 400 400 2 1.0 ) ( 400 400 3 1.0 ) ( 400 400 4 1.0 ) ( 400 400 5 1.0 ) 
POINTS ( 400 450 1 1.0 ) ( 400 450 2 1.0 ) ( 400 450 3 1.0 ) ( 400 450 4 1.0 ) ( 400 450 5 1.0 ) 
POINTS ( 400 500 1 1.0 ) ( 400 500 2 1.0 ) ( 400 500 3 1.0 ) ( 400 500 4 1.0 ) ( 400 500 5 1.0 ) 
POINTS ( 400 550 1 1.0 ) ( 400 550 2 1.0 ) ( 400 550 3 1.0 ) ( 400 550 4 1.0 ) ( 400 550 5 1.0 ) 
POINTS ( 400 600 1 1.0 ) ( 400 600 2 1.0 ) ( 400 600 3 1.0 ) ( 400 600 4 1.0 ) ( 400 600 5 1.0 ) 
POINTS ( 450 400 1 1.0 ) ( 450 400 2 1.0 ) ( 450 400 3 1.0 ) ( 450 400 4 1.0 ) ( 450 400 5 1.0 ) 
POINTS ( 450 450 1 1.0 ) ( 450 450 2 1.0 ) ( 450 450 3 1.0 ) ( 450 450 4 1.0 ) ( 450 450 5 1.0 ) 
POINTS ( 450 500 1 1.0 ) ( 450 500 2 1.0 ) ( 450 500 3 1.0 ) ( 450 500 4 1.0 ) ( 450 500 5 1.0 ) 
POINTS ( 450 550 1 1.0 ) ( 450 550 2 1.0 ) ( 450 550 3 1.0 ) ( 450 550 4 1.0 ) ( 450 550 5 1.0 ) 
POINTS ( 450 600 1 1.0 ) ( 450 600 2 1.0 ) ( 450 600 3 1.0 ) ( 450 600 4 1.0 ) ( 450 600 5 1.0 ) 
POINTS ( 500 400 1 1.0 ) ( 500 400 2 1.0 ) ( 500 400 3 1.0 ) ( 500 400 4 1.0 ) ( 500 400 5 1.0 ) 
POINTS ( 500 450 1 1.0 ) ( 500 450 2 1.0 ) ( 500 450 3 1.0 ) ( 500 450 4 1.0 ) ( 500 450 5 1.0 ) 
POINTS ( 500 500 1 1.0 ) ( 500 500 2 1.0 ) ( 500 500 3 1.0 ) ( 500 500 4 1.0 ) ( 500 500 5 1.0 ) 
POINTS ( 500 550 1 1.0 ) ( 500 550 2 1.0 ) ( 500 550 3 1.0 ) ( 500 550 4 1.0 ) ( 500 550 5 1.0 ) 
POINTS ( 500 600 1 1.0 ) ( 500 600 2 1.0 ) ( 500 600 3 1.0 ) ( 500 600 4 1.0 ) ( 500 600 5 1.0 ) 
POINTS ( 300 400 1 5 ) ( 300 400 2 5 ) ( 300 400 3 5 ) ( 300 400 4 5 ) ( 300 400 5 5 ) 
POINTS ( 300 450 1 5 ) ( 300 450 2 5 ) ( 300 450 3 5 ) ( 300 450 4 5 ) ( 300 450 5 5 ) 
POINTS ( 300 500 1 5 ) ( 300 500 2 5 ) ( 300 500 3 5 ) ( 300 500 4 5 ) ( 300 500 5 5 ) 
POINTS ( 300 550 1 5 ) ( 300 550 2 5 ) ( 300 550 3 5 ) ( 300 550 4 5 ) ( 300 550 5 5 ) 
POINTS ( 300 600 1 5 ) ( 300 600 2 5 ) ( 300 600 3 5 ) ( 300 600 4 5 ) ( 300 600 5 5 ) 
POINTS ( 350 400 1 5 ) ( 350 400 2 5 ) ( 350 400 3 5 ) ( 350 400 4 5 ) ( 350 400 5 5 ) 
POINTS ( 350 450 1 5 ) ( 350 450 2 5 ) ( 350 450 3 5 ) ( 350 450 4 5 ) ( 350 450 5 5 ) 
POINTS ( 350 500 1 5 ) ( 350 500 2 5 ) ( 350 500 3 5 ) ( 350 500 4 5 ) ( 350 500 5 5 ) 
POINTS ( 350 550 1 5 ) ( 350 550 2 5 ) ( 350 550 3 5 ) ( 350 550 4 5 ) ( 350 550 5 5 ) 
POINTS ( 350 600 1 5 ) ( 350 600 2 5 ) ( 350 600 3 5 ) ( 350 600 4 5 ) ( 350 600 5 5 ) 
POINTS ( 400 400 1 5 ) ( 400 400 2 5 ) ( 400 400 3 5 ) ( 400 400 4 5 ) ( 400 400 5 5 ) 
POINTS ( 400 450 1 5 ) ( 400 450 2 5 ) ( 400 450 3 5 ) ( 400 450 4 5 ) ( 400 450 5 5 ) 
POINTS ( 400 500 1 5 ) ( 400 500 2 5 ) ( 400 500 3 5 ) ( 400 500 4 5 ) ( 400 500 5 5 ) 
POINTS ( 400 550 1 5 ) ( 400 550 2 5 ) ( 400 550 3 5 ) ( 400 550 4 5 ) ( 400 550 5 5 ) 
POINTS ( 400 600 1 5 ) ( 400 600 2 5 ) ( 400 600 3 5 ) ( 400 600 4 5 ) ( 400 600 5 5 ) 
POINTS ( 450 400 1 5 ) ( 450 400 2 5 ) ( 450 400 3 5 ) ( 450 400 4 5 ) ( 450 400 5 5 ) 
POINTS ( 450 450 1 5 ) ( 450 450 2 5 ) ( 450 450 3 5 ) ( 450 450 4 5 ) ( 450 450 5 5 ) 
POINTS ( 450 500 1 5 ) ( 450 500 2 5 ) ( 450 500 3 5 ) ( 450 500 4 5 ) ( 450 500 5 5 ) 
POINTS ( 450 550 1 5 ) ( 450 550 2 5 ) ( 450 550 3 5 ) ( 450 550 4 5 ) ( 450 550 5 5 ) 
POINTS ( 450 600 1 5 ) ( 450 600 2 5 ) ( 450 600 3 5 ) ( 450 600 4 5 ) ( 450 600 5 5 ) 
POINTS ( 500 400 1 5 ) ( 500 400 2 5 ) ( 500 400 3 5 ) ( 500 400 4 5 ) ( 500 400 5 5 ) 
POINTS ( 500 450 1 5 ) ( 500 450 2 5 ) ( 500 450 3 5 ) ( 500 450 4 5 ) ( 500 450 5 5 ) 
POINTS ( 500 500 1 5 ) ( 500 500 2 5 ) ( 500 500 3 5 ) ( 500 500 4 5 ) ( 500 500 5 5 ) 
POINTS ( 500 550 1 5 ) ( 500 550 2 5 ) ( 500 550 3 5 ) ( 500 550 4 5 ) ( 500 550 5 5 ) 
POINTS ( 500 600 1 5 ) ( 500 600 2 5 ) ( 500 600 3 5 ) ( 500 600 4 5 ) ( 500 600 5 5 )
POINTS ( 300 400 1 10 ) ( 300 400 2 10 ) ( 300 400 3 10 ) ( 300 400 4 10 ) ( 300 400 5 10 ) 
POINTS ( 300 450 1 10 ) ( 300 450 2 10 ) ( 300 450 3 10 ) ( 300 450 4 10 ) ( 300 450 5 10 ) 
POINTS ( 300 500 1 10 ) ( 300 500 2 10 ) ( 300 500 3 10 ) ( 300 500 4 10 ) ( 300 500 5 10 ) 
POINTS ( 300 550 1 10 ) ( 300 550 2 10 ) ( 300 550 3 10 ) ( 300 550 4 10 ) ( 300 550 5 10 ) 
POINTS ( 300 600 1 10 ) ( 300 600 2 10 ) ( 300 600 3 10 ) ( 300 600 4 10 ) ( 300 600 5 10 ) 
POINTS ( 350 400 1 10 ) ( 350 400 2 10 ) ( 350 400 3 10 ) ( 350 400 4 10 ) ( 350 400 5 10 ) 
POINTS ( 350 450 1 10 ) ( 350 450 2 10 ) ( 350 450 3 10 ) ( 350 450 4 10 ) ( 350 450 5 10 ) 
POINTS ( 350 500 1 10 ) ( 350 500 2 10 ) ( 350 500 3 10 ) ( 350 500 4 10 ) ( 350 500 5 10 ) 
POINTS ( 350 550 1 10 ) ( 350 550 2 10 ) ( 350 550 3 10 ) ( 350 550 4 10 ) ( 350 550 5 10 ) 
POINTS ( 350 600 1 10 ) ( 350 600 2 10 ) ( 350 600 3 10 ) ( 350 600 4 10 ) ( 350 600 5 10 ) 
POINTS ( 400 400 1 10 ) ( 400 400 2 10 ) ( 400 400 3 10 ) ( 400 400 4 10 ) ( 400 400 5 10 ) 
POINTS ( 400 450 1 10 ) ( 400 450 2 10 ) ( 400 450 3 10 ) ( 400 450 4 10 ) ( 400 450 5 10 ) 
POINTS ( 400 500 1 10 ) ( 400 500 2 10 ) ( 400 500 3 10 ) ( 400 500 4 10 ) ( 400 500 5 10 ) 
POINTS ( 400 550 1 10 ) ( 400 550 2 10 ) ( 400 550 3 10 ) ( 400 550 4 10 ) ( 400 550 5 10 ) 
POINTS ( 400 600 1 10 ) ( 400 600 2 10 ) ( 400 600 3 10 ) ( 400 600 4 10 ) ( 400 600 5 10 ) 
POINTS ( 450 400 1 10 ) ( 450 400 2 10 ) ( 450 400 3 10 ) ( 450 400 4 10 ) ( 450 400 5 10 ) 
POINTS ( 450 450 1 10 ) ( 450 450 2 10 ) ( 450 450 3 10 ) ( 450 450 4 10 ) ( 450 450 5 10 ) 
POINTS ( 450 500 1 10 ) ( 450 500 2 10 ) ( 450 500 3 10 ) ( 450 500 4 10 ) ( 450 500 5 10 ) 
POINTS ( 450 550 1 10 ) ( 450 550 2 10 ) ( 450 550 3 10 ) ( 450 550 4 10 ) ( 450 550 5 10 ) 
POINTS ( 450 600 1 10 ) ( 450 600 2 10 ) ( 450 600 3 10 ) ( 450 600 4 10 ) ( 450 600 5 10 ) 
POINTS ( 500 400 1 10 ) ( 500 400 2 10 ) ( 500 400 3 10 ) ( 500 400 4 10 ) ( 500 400 5 10 ) 
POINTS ( 500 450 1 10 ) ( 500 450 2 10 ) ( 500 450 3 10 ) ( 500 450 4 10 ) ( 500 450 5 10 ) 
POINTS ( 500 500 1 10 ) ( 500 500 2 10 ) ( 500 500 3 10 ) ( 500 500 4 10 ) ( 500 500 5 10 ) 
POINTS ( 500 550 1 10 ) ( 500 550 2 10 ) ( 500 550 3 10 ) ( 500 550 4 10 ) ( 500 550 5 10 ) 
POINTS ( 500 600 1 10 ) ( 500 600 2 10 ) ( 500 600 3 10 ) ( 500 600 4 10 ) ( 500 600 5 10 ) 
POINTS ( 300 400 1 25.0 ) ( 300 400 2 25.0 ) ( 300 400 3 25.0 ) ( 300 400 4 25.0 ) ( 300 400 5 25.0 ) 
POINTS ( 300 450 1 25.0 ) ( 300 450 2 25.0 ) ( 300 450 3 25.0 ) ( 300 450 4 25.0 ) ( 300 450 5 25.0 ) 
POINTS ( 300 500 1 25.0 ) ( 300 500 2 25.0 ) ( 300 500 3 25.0 ) ( 300 500 4 25.0 ) ( 300 500 5 25.0 ) 
POINTS ( 300 550 1 25.0 ) ( 300 550 2 25.0 ) ( 300 550 3 25.0 ) ( 300 550 4 25.0 ) ( 300 550 5 25.0 ) 
POINTS ( 300 600 1 25.0 ) ( 300 600 2 25.0 ) ( 300 600 3 25.0 ) ( 300 600 4 25.0 ) ( 300 600 5 25.0 ) 
POINTS ( 350 400 1 25.0 ) ( 350 400 2 25.0 ) ( 350 400 3 25.0 ) ( 350 400 4 25.0 ) ( 350 400 5 25.0 ) 
POINTS ( 350 450 1 25.0 ) ( 350 450 2 25.0 ) ( 350 450 3 25.0 ) ( 350 450 4 25.0 ) ( 350 450 5 25.0 ) 
POINTS ( 350 500 1 25.0 ) ( 350 500 2 25.0 ) ( 350 500 3 25.0 ) ( 350 500 4 25.0 ) ( 350 500 5 25.0 ) 
POINTS ( 350 550 1 25.0 ) ( 350 550 2 25.0 ) ( 350 550 3 25.0 ) ( 350 550 4 25.0 ) ( 350 550 5 25.0 ) 
POINTS ( 350 600 1 25.0 ) ( 350 600 2 25.0 ) ( 350 600 3 25.0 ) ( 350 600 4 25.0 ) ( 350 600 5 25.0 ) 
POINTS ( 400 400 1 25.0 ) ( 400 400 2 25.0 ) ( 400 400 3 25.0 ) ( 400 400 4 25.0 ) ( 400 400 5 25.0 ) 
POINTS ( 400 450 1 25.0 ) ( 400 450 2 25.0 ) ( 400 450 3 25.0 ) ( 400 450 4 25.0 ) ( 400 450 5 25.0 ) 
POINTS ( 400 500 1 25.0 ) ( 400 500 2 25.0 ) ( 400 500 3 25.0 ) ( 400 500 4 25.0 ) ( 400 500 5 25.0 ) 
POINTS ( 400 550 1 25.0 ) ( 400 550 2 25.0 ) ( 400 550 3 25.0 ) ( 400 550 4 25.0 ) ( 400 550 5 25.0 ) 
POINTS ( 400 600 1 25.0 ) ( 400 600 2 25.0 ) ( 400 600 3 25.0 ) ( 400 600 4 25.0 ) ( 400 600 5 25.0 ) 
POINTS ( 450 400 1 25.0 ) ( 450 400 2 25.0 ) ( 450 400 3 25.0 ) ( 450 400 4 25.0 ) ( 450 400 5 25.0 ) 
POINTS ( 450 450 1 25.0 ) ( 450 450 2 25.0 ) ( 450 450 3 25.0 ) ( 450 450 4 25.0 ) ( 450 450 5 25.0 ) 
POINTS ( 450 500 1 25.0 ) ( 450 500 2 25.0 ) ( 450 500 3 25.0 ) ( 450 500 4 25.0 ) ( 450 500 5 25.0 ) 
POINTS ( 450 550 1 25.0 ) ( 450 550 2 25.0 ) ( 450 550 3 25.0 ) ( 450 550 4 25.0 ) ( 450 550 5 25.0 ) 
POINTS ( 450 600 1 25.0 ) ( 450 600 2 25.0 ) ( 450 600 3 25.0 ) ( 450 600 4 25.0 ) ( 450 600 5 25.0 ) 
POINTS ( 500 400 1 25.0 ) ( 500 400 2 25.0 ) ( 500 400 3 25.0 ) ( 500 400 4 25.0 ) ( 500 400 5 25.0 ) 
POINTS ( 500 450 1 25.0 ) ( 500 450 2 25.0 ) ( 500 450 3 25.0 ) ( 500 450 4 25.0 ) ( 500 450 5 25.0 ) 
POINTS ( 500 500 1 25.0 ) ( 500 500 2 25.0 ) ( 500 500 3 25.0 ) ( 500 500 4 25.0 ) ( 500 500 5 25.0 ) 
POINTS ( 500 550 1 25.0 ) ( 500 550 2 25.0 ) ( 500 550 3 25.0 ) ( 500 550 4 25.0 ) ( 500 550 5 25.0 ) 
POINTS ( 500 600 1 25.0 ) ( 500 600 2 25.0 ) ( 500 600 3 25.0 ) ( 500 600 4 25.0 ) ( 500 600 5 25.0 )
POINTS ( 300 400 1 50 ) ( 300 400 2 50 ) ( 300 400 3 50 ) ( 300 400 4 50 ) ( 300 400 5 50 ) 
POINTS ( 300 450 1 50 ) ( 300 450 2 50 ) ( 300 450 3 50 ) ( 300 450 4 50 ) ( 300 450 5 50 ) 
POINTS ( 300 500 1 50 ) ( 300 500 2 50 ) ( 300 500 3 50 ) ( 300 500 4 50 ) ( 300 500 5 50 ) 
POINTS ( 300 550 1 50 ) ( 300 550 2 50 ) ( 300 550 3 50 ) ( 300 550 4 50 ) ( 300 550 5 50 ) 
POINTS ( 300 600 1 50 ) ( 300 600 2 50 ) ( 300 600 3 50 ) ( 300 600 4 50 ) ( 300 600 5 50 ) 
POINTS ( 350 400 1 50 ) ( 350 400 2 50 ) ( 350 400 3 50 ) ( 350 400 4 50 ) ( 350 400 5 50 ) 
POINTS ( 350 450 1 50 ) ( 350 450 2 50 ) ( 350 450 3 50 ) ( 350 450 4 50 ) ( 350 450 5 50 ) 
POINTS ( 350 500 1 50 ) ( 350 500 2 50 ) ( 350 500 3 50 ) ( 350 500 4 50 ) ( 350 500 5 50 ) 
POINTS ( 350 550 1 50 ) ( 350 550 2 50 ) ( 350 550 3 50 ) ( 350 550 4 50 ) ( 350 550 5 50 ) 
POINTS ( 350 600 1 50 ) ( 350 600 2 50 ) ( 350 600 3 50 ) ( 350 600 4 50 ) ( 350 600 5 50 ) 
POINTS ( 400 400 1 50 ) ( 400 400 2 50 ) ( 400 400 3 50 ) ( 400 400 4 50 ) ( 400 400 5 50 ) 
POINTS ( 400 450 1 50 ) ( 400 450 2 50 ) ( 400 450 3 50 ) ( 400 450 4 50 ) ( 400 450 5 50 ) 
POINTS ( 400 500 1 50 ) ( 400 500 2 50 ) ( 400 500 3 50 ) ( 400 500 4 50 ) ( 400 500 5 50 ) 
POINTS ( 400 550 1 50 ) ( 400 550 2 50 ) ( 400 550 3 50 ) ( 400 550 4 50 ) ( 400 550 5 50 ) 
POINTS ( 400 600 1 50 ) ( 400 600 2 50 ) ( 400 600 3 50 ) ( 400 600 4 50 ) ( 400 600 5 50 ) 
POINTS ( 450 400 1 50 ) ( 450 400 2 50 ) ( 450 400 3 50 ) ( 450 400 4 50 ) ( 450 400 5 50 ) 
POINTS ( 450 450 1 50 ) ( 450 450 2 50 ) ( 450 450 3 50 ) ( 450 450 4 50 ) ( 450 450 5 50 ) 
POINTS ( 450 500 1 50 ) ( 450 500 2 50 ) ( 450 500 3 50 ) ( 450 500 4 50 ) ( 450 500 5 50 ) 
POINTS ( 450 550 1 50 ) ( 450 550 2 50 ) ( 450 550 3 50 ) ( 450 550 4 50 ) ( 450 550 5 50 ) 
POINTS ( 450 600 1 50 ) ( 450 600 2 50 ) ( 450 600 3 50 ) ( 450 600 4 50 ) ( 450 600 5 50 ) 
POINTS ( 500 400 1 50 ) ( 500 400 2 50 ) ( 500 400 3 50 ) ( 500 400 4 50 ) ( 500 400 5 50 ) 
POINTS ( 500 450 1 50 ) ( 500 450 2 50 ) ( 500 450 3 50 ) ( 500 450 4 50 ) ( 500 450 5 50 ) 
POINTS ( 500 500 1 50 ) ( 500 500 2 50 ) ( 500 500 3 50 ) ( 500 500 4 50 ) ( 500 500 5 50 ) 
POINTS ( 500 550 1 50 ) ( 500 550 2 50 ) ( 500 550 3 50 ) ( 500 550 4 50 ) ( 500 550 5 50 ) 
POINTS ( 500 600 1 50 ) ( 500 600 2 50 ) ( 500 600 3 50 ) ( 500 600 4 50 ) ( 500 600 5 50 ) 

REGION teastore
METRIC memory_usage

DATA 72.51285714285713 70.79571428571428 68.64999999999999 67.94857142857144 69.24571428571429 
DATA 77.01714285714284 77.2007142857143 75.52214285714285 74.53 70.78500000000001 
DATA 80.03952380952383 76.77142857142859 81.03571428571429 78.94761904761903 79.72238095238097 
DATA 79.17571428571428 82.31214285714285 78.71178571428571 82.41785714285716 79.99714285714285 
DATA 83.16800000000002 80.46428571428574 82.99057142857141 82.67 79.192 
DATA 60.32142857142856 63.65571428571428 60.72571428571429 59.96571428571429 60.040000000000006 
DATA 65.24285714285716 67.35142857142857 67.27214285714285 68.15785714285714 67.06499999999998 
DATA 68.18238095238095 65.9938095238095 70.27000000000001 70.85 66.66619047619048 
DATA 66.94821428571426 72.25107142857142 72.74357142857143 72.43035714285713 70.21535714285714 
DATA 68.36085714285717 72.53342857142856 72.69742857142856 73.34057142857142 69.3602857142857 
DATA 56.08714285714286 55.38571428571429 55.43714285714287 51.34571428571428 53.73428571428572 
DATA 59.392857142857125 58.276428571428575 62.18785714285715 61.43285714285715 59.88571428571431 
DATA 58.79428571428573 61.98047619047619 64.66999999999999 62.41619047619047 61.016666666666666 
DATA 63.59964285714283 64.18535714285713 62.026071428571406 63.38964285714287 61.94857142857143 
DATA 64.28485714285712 65.24714285714286 62.50828571428571 61.99457142857143 63.12742857142856 
DATA 45.54714285714285 52.05285714285715 47.78714285714286 50.73 50.96142857142858 
DATA 55.996428571428574 55.79142857142857 55.19857142857144 56.65928571428571 52.10428571428571 
DATA 57.29238095238095 55.62761904761906 57.28952380952381 59.21238095238094 53.46952380952381 
DATA 60.13071428571429 59.4564285714286 54.83464285714287 58.72428571428572 58.22178571428571 
DATA 57.799714285714266 60.21371428571429 56.67571428571429 59.86942857142856 60.35771428571429 
DATA 46.95428571428573 44.98 49.17285714285715 44.45428571428572 45.25428571428572 
DATA 53.275 49.262857142857136 52.77999999999999 49.07214285714285 51.67 
DATA 50.28523809523809 50.39857142857144 55.95714285714288 52.64761904761905 52.59857142857143 
DATA 53.815357142857145 51.96607142857142 55.53464285714284 52.84178571428572 54.93035714285713 
DATA 51.813428571428574 52.2402857142857 57.02914285714287 54.64085714285714 55.57399999999999 
DATA 63.71571428571429 70.09285714285716 72.10142857142856 66.99 70.08142857142857 
DATA 76.6214285714286 77.68785714285715 79.70785714285716 76.05 76.88714285714286 
DATA 79.05238095238096 81.19857142857143 80.73095238095239 78.95714285714284 79.49 
DATA 78.2057142857143 80.4107142857143 79.7289285714286 77.04428571428572 79.91285714285716 
DATA 82.42 80.48485714285712 79.22857142857143 79.88314285714283 79.07714285714285 
DATA 55.631428571428565 58.56857142857143 61.37 63.25857142857144 61.05 
DATA 65.29928571428573 66.06999999999998 63.8257142857143 66.1842857142857 65.61071428571428 
DATA 67.84571428571425 70.43571428571428 70.93380952380953 69.82285714285716 70.46380952380953 
DATA 71.68142857142855 70.42 72.10785714285716 71.29428571428573 71.69785714285715 
DATA 71.04142857142857 70.46057142857144 73.06057142857144 71.18857142857142 73.47685714285717 
DATA 54.847142857142856 57.06999999999999 53.26428571428572 53.66285714285714 59.18714285714285 
DATA 60.201428571428586 62.04785714285715 58.5642857142857 62.13357142857145 64.14428571428572 
DATA 64.81380952380951 60.79047619047618 62.60380952380952 63.01476190476189 66.97761904761906 
DATA 63.241071428571445 62.90107142857143 63.837857142857146 61.50107142857145 63.38178571428568 
DATA 63.7382857142857 62.5822857142857 64.4694285714286 62.62000000000002 67.82199999999999 
DATA 49.625714285714274 53.912857142857135 48.301428571428566 46.46571428571429 51.99571428571429 
DATA 54.52499999999999 57.135000000000005 56.75928571428572 55.00642857142856 56.42500000000001 
DATA 55.639523809523816 57.0647619047619 54.86428571428571 59.47190476190477 58.96428571428572 
DATA 57.33107142857142 58.78749999999998 59.576071428571424 60.37642857142856 59.50107142857142 
DATA 56.712571428571415 58.43942857142857 59.622 60.78771428571425 59.50285714285717 
DATA 46.9 48.535714285714285 45.57142857142856 46.40285714285714 47.58142857142857 
DATA 51.15857142857142 50.57142857142857 48.605 52.79714285714285 49.73714285714287 
DATA 54.15285714285714 52.37571428571428 53.18285714285716 51.91047619047619 52.44714285714285 
DATA 54.26678571428573 52.67714285714285 51.64785714285714 53.41214285714285 55.17464285714287 
DATA 53.35457142857143 55.04771428571428 54.66057142857143 51.958571428571446 53.11799999999999 
DATA 70.26714285714287 70.03428571428572 70.78571428571429 67.77142857142857 68.59 
DATA 73.31571428571428 76.02000000000001 72.35571428571428 74.65285714285713 79.59428571428573 
DATA 79.8052380952381 79.10142857142856 74.6052380952381 79.64380952380954 80.64380952380951 
DATA 78.82249999999998 80.16607142857143 78.94857142857144 81.18000000000002 81.65857142857139 
DATA 81.10457142857145 80.66085714285714 79.83628571428571 82.22542857142858 83.01942857142853 
DATA 60.78714285714285 60.02857142857143 63.10857142857143 62.381428571428565 61.36 
DATA 70.07285714285715 65.26071428571429 69.8492857142857 68.25928571428572 68.46357142857143 
DATA 70.66190476190475 70.92095238095239 71.02904761904763 71.34523809523812 69.73666666666666 
DATA 70.61714285714287 68.42464285714284 72.42464285714287 73.18321428571427 67.68249999999999 
DATA 68.67057142857139 68.68085714285714 74.9297142857143 73.33885714285711 72.03371428571431 
DATA 55.7642857142857 55.62142857142857 53.52428571428571 55.72857142857141 54.64 
DATA 61.18357142857143 60.63214285714285 62.612857142857145 61.05214285714284 59.88857142857142 
DATA 60.83952380952381 61.69619047619047 63.18238095238097 62.91523809523809 62.538095238095245 
DATA 65.88285714285713 62.53964285714283 66.10892857142858 62.83107142857141 62.06750000000002 
DATA 65.64914285714285 63.67400000000001 65.39485714285715 64.51514285714286 63.5417142857143 
DATA 53.75142857142857 50.02428571428572 52.25285714285714 50.72285714285714 52.56142857142857 
DATA 58.676428571428566 56.70214285714285 55.95642857142856 57.76357142857143 53.73142857142858 
DATA 60.53714285714288 57.91761904761904 58.6242857142857 60.091904761904765 56.99666666666667 
DATA 59.85500000000002 55.45857142857144 60.30464285714287 58.26285714285712 57.94500000000001 
DATA 60.55685714285715 56.99857142857143 60.18514285714284 60.38914285714287 56.60114285714288 
DATA 45.67000000000001 47.82999999999999 44.90714285714285 50.05857142857143 48.01428571428571 
DATA 47.40714285714286 52.19642857142856 48.72285714285714 53.85571428571428 52.6 
DATA 54.28904761904763 54.30380952380953 52.805238095238096 53.85095238095237 51.74714285714287 
DATA 54.62499999999999 55.534642857142856 52.6725 54.17642857142859 55.481785714285685 
DATA 53.57171428571432 55.732000000000006 54.36371428571429 54.64371428571432 55.22742857142857 
DATA 69.66571428571429 71.85142857142857 71.22142857142856 70.42999999999999 74.71000000000001 
DATA 77.13571428571429 80.21357142857144 78.64714285714285 77.16714285714286 79.16499999999999 
DATA 80.51333333333334 81.78095238095236 78.87904761904763 75.37047619047624 80.07666666666665 
DATA 78.66142857142857 80.4510714285714 78.61285714285714 76.3635714285714 81.35999999999999 
DATA 79.65799999999997 78.378 81.00399999999999 77.69428571428573 83.17371428571425 
DATA 64.31285714285714 60.94571428571428 61.21428571428572 64.66428571428571 61.34999999999999 
DATA 64.92499999999998 65.12357142857142 66.66214285714285 67.88714285714285 65.97571428571429 
DATA 71.87809523809521 67.79285714285713 68.64571428571428 68.1857142857143 66.46571428571428 
DATA 71.71 71.25821428571429 69.52607142857143 69.49214285714288 70.82142857142858 
DATA 68.98285714285711 70.29742857142863 70.13257142857145 70.5625714285714 68.9482857142857 
DATA 55.67571428571428 56.86142857142858 59.35142857142858 55.59999999999999 55.041428571428575 
DATA 59.887142857142855 61.37571428571429 63.21142857142856 58.56642857142856 60.10428571428572 
DATA 62.81761904761908 63.73190476190476 62.29904761904763 62.07904761904759 63.7452380952381 
DATA 63.9425 64.74071428571428 62.78035714285715 64.30214285714287 63.70642857142856 
DATA 65.71571428571428 64.65400000000001 61.05257142857142 63.59314285714287 65.74971428571429 
DATA 55.68714285714285 54.9357142857143 53.73714285714285 53.192857142857136 49.63142857142857 
DATA 59.23214285714285 57.37500000000001 56.501428571428576 55.78142857142855 54.70214285714288 
DATA 55.23809523809523 57.76952380952381 59.67904761904764 56.31190476190477 55.774761904761895 
DATA 60.63714285714284 61.95249999999999 59.11678571428571 59.34142857142856 57.64535714285716 
DATA 61.285714285714285 61.11942857142859 59.42914285714286 58.217142857142846 57.3317142857143 
DATA 46.39571428571429 49.07571428571429 45.16571428571428 48.51571428571429 46.77571428571428 
DATA 50.07928571428573 51.88285714285716 50.07214285714286 52.14571428571429 50.51357142857143 
DATA 52.81238095238095 51.97857142857143 50.29190476190477 51.2047619047619 49.25380952380953 
DATA 54.77892857142856 54.90785714285714 51.41178571428571 54.62571428571429 53.68571428571427 
DATA 55.45171428571428 55.96971428571428 53.26999999999998 54.86542857142857 52.75457142857144 
DATA 71.8942857142857 69.95 64.14000000000001 75.54714285714286 68.07714285714285 
DATA 68.84285714285714 78.30357142857142 69.11071428571428 77.48428571428572 79.06142857142856 
DATA 78.3690476190476 77.50523809523808 79.3904761904762 80.9204761904762 77.23714285714286 
DATA 79.22321428571426 80.38785714285713 76.05142857142857 81.07714285714283 77.74642857142855 
DATA 81.25399999999998 78.31028571428571 75.80200000000004 81.37828571428564 77.31714285714287 
DATA 62.79857142857144 63.68714285714285 60.12285714285714 61.77714285714286 64.57142857142857 
DATA 65.88214285714285 68.80214285714287 68.82857142857144 65.74928571428573 66.74642857142857 
DATA 69.53857142857143 71.00904761904762 70.23904761904764 67.54571428571428 67.38809523809525 
DATA 73.07714285714286 71.8925 70.78214285714287 70.99571428571426 69.8385714285714 
DATA 73.32428571428572 73.55828571428572 72.41 70.96742857142858 69.26685714285718 
DATA 55.61999999999999 54.80000000000001 52.737142857142864 57.175714285714285 53.56285714285714 
DATA 60.84928571428572 60.31571428571429 58.671428571428585 58.22642857142857 58.903571428571446 
DATA 63.83476190476193 64.33285714285714 56.40904761904763 62.30428571428573 58.49714285714285 
DATA 64.4007142857143 60.55678571428569 57.40964285714286 64.45964285714284 63.26785714285716 
DATA 63.02371428571432 58.73657142857141 59.53771428571432 63.71399999999998 61.10142857142856 
DATA 52.237142857142864 53.818571428571424 51.06 53.66571428571428 55.04285714285714 
DATA 55.997857142857136 55.94857142857144 55.63999999999999 58.3257142857143 60.24214285714284 
DATA 56.894285714285736 59.23285714285715 60.21190476190478 58.967619047619046 57.81571428571429 
DATA 59.18857142857144 57.74714285714287 60.03107142857142 60.445000000000014 60.644285714285694 
DATA 60.06285714285711 60.0385714285714 61.26057142857141 60.969428571428594 60.43228571428572 
DATA 47.81285714285714 48.785714285714285 47.41857142857143 47.69428571428572 50.44 
DATA 54.03142857142858 52.99499999999999 50.71857142857142 53.58428571428572 51.76214285714285 
DATA 53.56857142857142 52.78142857142856 54.43857142857144 53.17809523809524 54.68714285714286 
DATA 55.400714285714265 51.45857142857143 53.3 54.81357142857144 55.62607142857141 
DATA 54.45657142857144 54.97885714285714 54.84771428571427 54.88971428571429 55.72028571428573 
DATA 67.76285714285714 66.06714285714285 69.90714285714286 74.62142857142858 67.20428571428572 
DATA 78.90142857142858 76.91214285714285 77.91714285714284 79.86214285714287 79.98285714285713 
DATA 82.53476190476192 79.92523809523811 80.79476190476191 80.21999999999997 79.25000000000001 
DATA 83.16928571428568 81.1039285714286 80.7592857142857 81.08857142857143 82.61 
DATA 82.67342857142854 81.54799999999999 81.84942857142858 83.38485714285713 83.25371428571424 
DATA 59.84571428571428 61.56571428571429 55.80714285714286 63.554285714285705 64.58142857142856 
DATA 67.91714285714285 66.78928571428573 68.92428571428572 66.77857142857144 69.80428571428571 
DATA 71.85619047619048 69.09952380952382 70.33380952380952 72.16571428571426 72.11380952380955 
DATA 72.61821428571429 70.4917857142857 68.65857142857143 71.5889285714286 73.11749999999999 
DATA 71.56057142857144 71.31714285714284 69.70800000000003 73.23171428571429 74.24000000000001 
DATA 53.892857142857146 58.45571428571429 55.50142857142857 57.56714285714286 62.56857142857143 
DATA 60.66571428571429 61.01642857142858 62.97642857142856 62.29285714285715 65.44071428571428 
DATA 64.35333333333332 62.55952380952382 63.78809523809522 63.68142857142859 66.18571428571428 
DATA 64.67071428571428 64.16250000000001 64.47214285714286 63.90607142857141 65.44999999999997 
DATA 66.62485714285717 65.26000000000002 65.69428571428573 65.25257142857143 66.66485714285716 
DATA 48.57857142857143 52.24428571428572 53.98571428571429 51.614285714285714 50.72571428571429 
DATA 55.80785714285714 55.01428571428573 57.405 57.74071428571428 55.65000000000002 
DATA 58.10904761904763 59.49333333333334 60.6447619047619 58.58619047619048 60.61714285714286 
DATA 60.620357142857166 61.11464285714285 61.98964285714284 58.96607142857143 60.2375 
DATA 60.27828571428574 61.14028571428571 60.92714285714286 60.36 61.124 
DATA 44.58857142857143 47.95142857142857 46.47857142857144 48.67857142857143 51.34428571428571 
DATA 51.23714285714285 52.87071428571429 51.07714285714284 51.77 54.970000000000006 
DATA 52.56047619047619 55.04333333333335 53.05904761904761 53.041428571428575 54.24714285714285 
DATA 53.662500000000016 55.30964285714284 53.467142857142846 55.26464285714285 55.65142857142855 
DATA 55.567142857142855 56.33114285714285 55.49742857142858 55.72371428571429 56.14971428571431 
DATA 70.44857142857143 64.22142857142856 65.95857142857145 74.52285714285715 68.24857142857142 
DATA 78.82928571428575 73.80071428571429 77.77428571428571 77.25785714285715 76.71071428571429 
DATA 80.68238095238095 77.3542857142857 82.69952380952382 80.1609523809524 80.12619047619047 
DATA 81.4385714285714 79.81035714285714 82.57607142857141 81.36214285714281 81.70535714285712 
DATA 82.05542857142859 80.3857142857143 83.95742857142857 79.5022857142857 79.82457142857145 
DATA 59.88714285714286 62.95 63.46714285714287 58.55285714285715 65.87428571428572 
DATA 68.37785714285714 68.71785714285714 70.75714285714285 71.10785714285714 68.61357142857142 
DATA 72.04333333333335 71.24714285714288 73.77904761904762 72.59238095238095 71.37523809523809 
DATA 73.6675 71.6717857142857 74.74249999999998 74.36357142857143 72.8185714285714 
DATA 73.63142857142853 74.95971428571427 75.8474285714286 74.39485714285719 73.70857142857145 
DATA 56.26857142857143 54.19 61.74 55.12285714285714 51.30857142857143 
DATA 63.74928571428573 62.16928571428571 64.62571428571428 64.33642857142856 62.77642857142856 
DATA 64.06142857142856 63.909523809523805 68.4452380952381 65.41619047619048 63.710476190476186 
DATA 64.55535714285715 64.62928571428571 68.90357142857142 66.83035714285712 64.41750000000002 
DATA 64.86542857142855 64.8477142857143 68.84228571428572 67.19142857142856 65.51342857142856 
DATA 49.11714285714286 52.69285714285714 54.13 52.50571428571429 48.012857142857136 
DATA 57.50357142857143 55.51428571428572 59.132857142857134 55.77428571428572 57.71714285714285 
DATA 60.17809523809522 57.242857142857126 58.389523809523816 58.20904761904764 57.80095238095238 
DATA 60.77857142857141 58.51642857142857 59.68750000000002 59.635000000000005 58.61714285714284 
DATA 60.02 60.29057142857142 59.60942857142858 60.25085714285712 59.87657142857144 
DATA 44.067142857142855 51.23142857142857 46.71142857142858 46.105714285714285 52.11571428571428 
DATA 51.7607142857143 51.31357142857144 49.83142857142857 53.04714285714287 53.26357142857143 
DATA 53.10047619047621 54.77809523809521 54.31285714285714 56.19190476190477 54.25761904761904 
DATA 54.657500000000006 56.1267857142857 55.252857142857145 55.99178571428571 53.623571428571424 
DATA 55.14257142857143 57.27771428571428 56.068285714285736 55.35 56.01400000000001 
DATA 65.48142857142857 73.21571428571428 74.79857142857144 77.05428571428571 68.35857142857144 
DATA 76.24928571428572 79.70214285714287 80.61642857142856 79.61428571428573 80.10571428571428 
DATA 79.82619047619048 80.25857142857141 81.8185714285714 80.1852380952381 82.07047619047619 
DATA 78.32464285714285 80.7482142857143 81.48357142857142 81.77642857142857 83.61035714285717 
DATA 81.57314285714281 82.27771428571432 83.73342857142859 83.1051428571429 83.32057142857145 
DATA 57.21 68.57857142857142 58.86428571428572 59.70714285714286 61.61714285714286 
DATA 64.52714285714286 71.385 69.50214285714289 71.92785714285712 70.60571428571428 
DATA 70.31857142857143 72.81904761904764 71.54619047619046 73.81619047619049 73.32238095238093 
DATA 72.15249999999999 74.97464285714285 72.8371428571429 74.08357142857142 72.98535714285715 
DATA 72.25628571428577 74.93200000000002 73.74571428571429 74.24771428571428 73.61200000000001 
DATA 53.442857142857136 58.63428571428573 56.19714285714285 55.70142857142857 60.33 
DATA 60.89285714285713 61.15642857142858 59.63285714285714 60.52214285714285 64.19642857142857 
DATA 61.9857142857143 63.00904761904764 62.9595238095238 62.01428571428573 66.36714285714285 
DATA 63.49535714285713 65.24714285714286 63.4657142857143 63.01928571428572 67.17749999999998 
DATA 64.22428571428573 65.95057142857145 64.14314285714282 64.36314285714288 67.16142857142859 
DATA 46.16142857142857 53.55 48.92857142857143 52.22857142857144 49.14857142857142 
DATA 55.64714285714287 57.73428571428572 56.22714285714285 54.52642857142856 56.07071428571428 
DATA 57.23714285714288 56.58238095238095 58.88047619047619 58.396666666666654 58.87095238095238 
DATA 59.09857142857144 57.83928571428573 58.69964285714282 60.52107142857144 60.11357142857143 
DATA 59.504571428571424 60.55685714285715 59.748285714285714 60.70714285714288 60.918571428571454 
DATA 47.92571428571428 51.167142857142856 47.22285714285714 47.46714285714286 43.87285714285714 
DATA 51.96857142857143 56.94785714285713 51.27142857142858 50.735 50.23571428571428 
DATA 54.10857142857143 55.53523809523811 52.92095238095238 53.12571428571429 53.139523809523816 
DATA 55.56714285714286 56.38642857142857 53.53464285714284 54.80035714285713 54.45785714285714 
DATA 56.81171428571427 56.08200000000001 54.98800000000002 55.75657142857142 54.23057142857144 
DATA 68.20571428571428 71.41285714285715 68.34285714285714 66.45714285714287 68.60428571428571 
DATA 74.58428571428574 78.44714285714288 76.75642857142859 74.94857142857144 77.60071428571428 
DATA 75.57238095238097 80.48333333333332 78.9995238095238 78.92238095238096 80.98285714285713 
DATA 77.60964285714283 82.41535714285718 80.01142857142858 79.83249999999998 81.54678571428569 
DATA 79.61428571428573 83.79542857142857 80.90828571428574 81.58114285714288 82.43000000000002 
DATA 62.040000000000006 60.21428571428572 60.88285714285714 60.72571428571428 60.74714285714286 
DATA 68.9142857142857 65.79857142857142 67.135 68.23500000000001 68.31214285714285 
DATA 68.65857142857142 69.0395238095238 69.91666666666666 71.76809523809523 70.71285714285715 
DATA 72.17035714285716 71.58607142857146 71.31749999999998 71.61571428571429 72.63714285714286 
DATA 72.39228571428573 72.60657142857144 71.9297142857143 70.7697142857143 72.1457142857143 
DATA 57.86142857142857 55.65285714285715 56.82428571428572 56.252857142857145 56.97285714285714 
DATA 62.84214285714287 60.97285714285714 59.12214285714286 63.22785714285715 61.79857142857144 
DATA 64.07333333333334 63.02857142857139 62.03714285714285 64.00428571428571 62.71619047619048 
DATA 65.18857142857145 62.09285714285715 63.19321428571429 65.00142857142858 63.95392857142856 
DATA 65.11228571428572 63.62400000000002 64.15228571428571 65.21285714285715 64.7865714285714 
DATA 50.64142857142857 50.34571428571428 53.8657142857143 48.88 53.22857142857144 
DATA 54.94714285714287 57.36642857142857 56.79642857142857 54.981428571428566 55.83428571428573 
DATA 55.61428571428572 56.98809523809522 56.59476190476192 57.31238095238095 58.53476190476191 
DATA 57.03214285714285 57.76892857142858 58.56107142857144 58.6717857142857 60.12607142857141 
DATA 59.094 58.65285714285714 59.96657142857141 59.084 59.81942857142857 
DATA 47.301428571428566 46.25142857142857 47.79857142857143 52.92 50.47428571428571 
DATA 51.76857142857143 53.15071428571429 49.24428571428571 54.91 51.93642857142858 
DATA 55.09857142857144 53.78380952380952 50.95142857142857 55.16142857142855 54.909523809523805 
DATA 54.86357142857141 53.90821428571427 53.40500000000002 56.28964285714287 55.188214285714274 
DATA 56.00428571428571 54.70942857142855 54.20228571428571 55.67457142857143 55.93371428571429 
DATA 69.79857142857142 71.66285714285713 67.58142857142856 69.22285714285714 72.74428571428572 
DATA 78.13857142857141 78.22285714285714 75.00857142857144 78.27642857142858 77.64142857142858 
DATA 78.0395238095238 76.09380952380951 77.18714285714286 80.35190476190478 78.17809523809524 
DATA 80.86071428571427 79.0042857142857 80.84928571428573 80.5764285714286 80.72642857142857 
DATA 83.07571428571427 82.31171428571429 82.18971428571429 82.7162857142857 81.82799999999997 
DATA 60.74 60.132857142857134 63.151428571428575 64.35571428571428 65.48571428571428 
DATA 65.52642857142857 64.54857142857142 68.60642857142855 69.76285714285714 66.71785714285714 
DATA 69.2095238095238 68.18952380952382 67.76476190476191 70.04714285714286 67.98571428571425 
DATA 69.74000000000001 70.54928571428572 71.25571428571432 71.03928571428573 71.01107142857143 
DATA 70.41400000000002 71.43599999999999 71.61657142857145 71.7897142857143 72.25742857142859 
DATA 53.64142857142856 56.78142857142858 56.45857142857144 56.44857142857143 58.73285714285714 
DATA 61.669285714285714 61.818571428571424 58.8657142857143 61.37642857142856 65.14214285714287 
DATA 63.28714285714285 63.33809523809524 61.34000000000002 62.35761904761906 64.78761904761905 
DATA 64.37749999999998 64.18107142857141 61.59678571428568 63.695000000000014 66.21928571428573 
DATA 64.95857142857145 64.0674285714286 64.54314285714284 64.66657142857144 66.84142857142858 
DATA 47.75 51.67857142857143 53.25142857142857 51.72857142857144 51.65428571428571 
DATA 54.87714285714286 57.105714285714285 56.77499999999999 55.21428571428572 55.335 
DATA 59.64 58.71238095238096 59.53476190476191 57.17619047619047 56.5309523809524 
DATA 59.46964285714285 59.87428571428574 60.172500000000014 58.13535714285714 58.88892857142857 
DATA 59.875714285714274 60.6297142857143 59.95228571428572 59.29114285714286 59.47971428571429 
DATA 47.035714285714285 44.59142857142858 45.93571428571428 45.3 45.90571428571429 
DATA 50.95357142857142 52.44928571428572 54.07857142857144 52.01785714285715 52.45857142857142 
DATA 54.04476190476191 54.723809523809535 54.68476190476192 53.54 53.01952380952381 
DATA 54.256071428571424 55.815357142857145 55.69821428571429 54.925357142857145 54.31999999999998 
DATA 55.26285714285715 56.47599999999999 56.48371428571428 55.34885714285716 55.69085714285714 
DATA 77.66571428571429 74.80142857142857 78.84 76.00857142857144 71.58 
DATA 82.81500000000001 80.09928571428573 85.65714285714284 81.40142857142857 83.76285714285714 
DATA 84.90333333333335 81.2104761904762 85.44619047619047 81.68095238095238 85.33476190476192 
DATA 84.45357142857141 83.48857142857142 84.71571428571428 83.53607142857145 84.43107142857143 
DATA 84.84714285714284 84.2462857142857 86.37514285714285 83.71542857142859 85.21428571428572 
DATA 68.09714285714287 62.10285714285714 71.65857142857143 67.67999999999999 65.56857142857142 
DATA 72.91714285714285 70.87928571428573 74.82285714285716 73.08357142857145 74.0557142857143 
DATA 74.20047619047621 74.7352380952381 76.39476190476189 74.78666666666669 74.57904761904761 
DATA 75.675 76.17428571428574 76.45892857142856 76.4382142857143 75.05535714285713 
DATA 76.42085714285713 77.67000000000003 75.67857142857144 76.79914285714287 74.96400000000001 
DATA 63.21 60.66428571428571 59.48857142857143 61.54000000000001 58.19857142857144 
DATA 65.26285714285714 63.32571428571428 68.08214285714287 64.86999999999999 65.63000000000001 
DATA 67.15000000000002 68.47999999999999 70.31190476190477 66.33714285714287 68.5195238095238 
DATA 68.65892857142858 69.28714285714288 69.92607142857143 67.71892857142859 67.27714285714283 
DATA 68.7577142857143 69.39657142857143 69.9174285714286 67.76228571428574 68.81542857142855 
DATA 55.60714285714285 58.67571428571431 54.95857142857143 63.19428571428572 53.70285714285715 
DATA 58.860000000000014 59.04142857142858 61.11857142857144 63.495000000000005 60.68214285714284 
DATA 60.60238095238096 62.47761904761904 62.91714285714287 62.30000000000001 60.45333333333336 
DATA 62.79857142857145 63.25999999999999 62.71571428571427 63.51321428571429 62.780000000000015 
DATA 63.18828571428575 63.429428571428566 62.23228571428572 62.99285714285714 63.470285714285744 
DATA 50.33142857142857 47.05142857142857 55.74428571428572 50.881428571428565 49.68857142857144 
DATA 55.70214285714287 55.94499999999999 58.190000000000005 54.895 59.66928571428571 
DATA 56.44666666666666 58.32714285714285 56.81380952380952 57.03238095238096 59.486666666666665 
DATA 58.668928571428566 58.452142857142846 56.597142857142885 57.58321428571429 59.55107142857144 
DATA 58.83257142857141 59.201142857142855 58.03914285714286 58.982857142857135 58.17600000000001 
DATA 70.04714285714286 77.72 78.82857142857142 74.88714285714286 69.01285714285714 
DATA 83.99285714285715 79.7507142857143 82.44499999999998 82.75785714285712 83.73857142857142 
DATA 82.58904761904763 81.1747619047619 86.06523809523809 82.99190476190476 86.42 
DATA 82.49535714285716 84.31428571428572 85.23964285714285 84.52464285714288 86.79749999999997 
DATA 83.10742857142857 84.9305714285714 85.81171428571429 85.35085714285717 86.18000000000004 
DATA 69.8957142857143 65.75428571428571 70.08571428571429 72.34857142857142 60.21571428571429 
DATA 74.23928571428573 68.77714285714286 74.55499999999999 73.56357142857144 74.07285714285716 
DATA 76.24809523809525 74.91333333333331 76.56666666666668 76.33952380952381 75.36714285714285 
DATA 76.36535714285718 75.66107142857142 75.80249999999998 75.53999999999998 76.20785714285715 
DATA 76.10171428571427 74.06628571428573 75.11342857142857 76.596 75.72228571428568 
DATA 61.54285714285714 58.09714285714286 63.06142857142856 59.76857142857143 53.131428571428565 
DATA 66.53142857142856 65.70357142857144 67.16785714285713 66.7157142857143 66.30428571428571 
DATA 67.27095238095238 65.81 67.70190476190477 65.85333333333335 68.64904761904764 
DATA 66.12142857142855 66.35964285714286 68.87285714285717 67.26571428571427 67.89357142857146 
DATA 68.36657142857143 67.52228571428574 67.7525714285714 68.42114285714285 69.03085714285714 
DATA 54.527142857142856 55.2 56.04571428571429 52.26857142857143 56.85857142857143 
DATA 63.007857142857134 58.85142857142859 59.45785714285715 58.79 59.16785714285714 
DATA 63.5604761904762 62.26428571428571 60.01428571428572 63.78142857142858 60.54380952380953 
DATA 62.23107142857141 62.475 61.43892857142856 62.75928571428569 61.47464285714285 
DATA 62.866857142857135 62.5142857142857 61.60771428571427 63.34000000000002 62.13914285714287 
DATA 48.07428571428572 51.66428571428571 50.304285714285705 48.03428571428572 51.60857142857143 
DATA 54.70499999999999 54.17071428571428 55.56714285714285 57.50642857142858 54.54571428571428 
DATA 55.711904761904776 55.08952380952381 56.51523809523809 59.853333333333325 56.93285714285714 
DATA 56.56571428571427 55.91785714285716 56.77178571428573 60.33607142857145 56.50285714285714 
DATA 56.3777142857143 57.70171428571426 57.494 60.57228571428573 57.05685714285713 
DATA 71.89714285714285 74.91999999999999 73.05285714285715 75.45857142857143 78.60000000000001 
DATA 81.52571428571427 82.82642857142858 80.87000000000002 80.75999999999999 86.10500000000002 
DATA 81.22476190476189 83.30285714285714 83.30619047619048 84.25238095238097 86.2595238095238 
DATA 82.05928571428572 83.12678571428572 84.62392857142855 85.06357142857145 87.515 
DATA 83.54342857142855 83.28171428571429 85.12599999999995 85.79514285714284 86.62971428571429 
DATA 65.72999999999999 64.52714285714286 66.17285714285715 67.83714285714287 66.7942857142857 
DATA 69.88785714285713 70.4207142857143 71.90714285714287 70.97785714285715 70.93214285714285 
DATA 70.18666666666665 71.47761904761903 72.3295238095238 76.06333333333335 71.65285714285713 
DATA 72.3125 74.1892857142857 73.17214285714286 76.47928571428572 72.25107142857141 
DATA 73.16942857142855 72.93228571428571 73.61685714285714 76.18971428571432 72.75771428571427 
DATA 63.92428571428571 58.75 62.102857142857154 61.45857142857143 55.89857142857142 
DATA 66.99071428571429 65.51357142857145 63.74 65.76 63.42285714285715 
DATA 67.76952380952382 66.15 65.2909523809524 66.14714285714285 65.63666666666666 
DATA 68.47714285714285 67.61607142857142 66.28607142857145 66.71642857142858 67.14000000000001 
DATA 69.03599999999997 67.66714285714282 66.38457142857142 67.70542857142857 66.45657142857141 
DATA 58.50857142857144 54.69285714285714 57.13 57.90142857142858 54.87142857142857 
DATA 60.41214285714285 58.37499999999999 58.547142857142845 60.03071428571428 60.96285714285715 
DATA 59.98000000000002 60.15285714285714 60.17761904761904 61.523809523809526 63.094761904761896 
DATA 61.19464285714288 61.23999999999997 61.61714285714286 62.05857142857143 63.40714285714284 
DATA 61.44285714285716 61.66400000000001 61.68857142857143 62.02000000000001 62.65342857142856 
DATA 49.57285714285714 48.71 53.22571428571428 57.285714285714285 50.75857142857143 
DATA 52.13071428571429 53.096428571428575 56.825 56.41214285714286 57.26642857142857 
DATA 55.64619047619048 55.94999999999999 56.43476190476188 56.56000000000001 58.87904761904762 
DATA 56.74285714285713 57.16928571428572 56.02499999999998 57.313214285714295 57.92071428571428 
DATA 57.81514285714283 57.1077142857143 57.15942857142854 57.69057142857143 57.39285714285713 
DATA 73.51285714285713 74.92 74.57714285714285 69.96571428571428 77.26142857142858 
DATA 81.10071428571428 83.01214285714286 81.56357142857144 80.89428571428572 82.40857142857143 
DATA 82.9604761904762 83.07619047619049 82.39285714285712 80.93761904761905 83.88380952380953 
DATA 82.58071428571431 81.62428571428572 82.44964285714288 82.70250000000001 84.1532142857143 
DATA 82.72771428571427 84.21828571428576 83.98571428571428 82.54599999999999 83.6951428571429 
DATA 65.20857142857143 66.47857142857143 71.65 66.31857142857143 65.30571428571429 
DATA 69.46642857142857 69.50285714285715 72.03857142857144 73.63571428571427 74.47714285714287 
DATA 72.12190476190474 71.57619047619049 74.99523809523811 72.74476190476189 75.26809523809524 
DATA 73.22500000000001 72.04607142857142 74.91428571428573 73.44857142857143 74.6814285714286 
DATA 73.49400000000001 73.62542857142854 74.84571428571425 73.83400000000002 74.7962857142857 
DATA 65.31142857142856 58.49571428571427 55.37857142857143 59.74 61.27142857142858 
DATA 68.24000000000001 65.7757142857143 61.03642857142857 64.7242857142857 61.91714285714285 
DATA 68.2004761904762 67.56095238095239 64.62952380952382 64.73666666666665 64.77285714285715 
DATA 67.44428571428573 67.54749999999997 65.66321428571429 66.12500000000001 66.09857142857143 
DATA 67.53057142857142 66.97257142857144 65.73342857142856 67.01742857142857 67.40485714285713 
DATA 56.08999999999999 50.98 55.25 54.37285714285714 55.471428571428575 
DATA 62.07357142857144 58.60428571428571 60.11999999999999 59.890714285714296 60.136428571428574 
DATA 61.35095238095239 60.00952380952381 59.3204761904762 60.78285714285715 60.59380952380953 
DATA 62.39821428571428 62.06321428571427 60.94999999999998 60.676071428571404 61.31142857142856 
DATA 62.718 62.04714285714287 61.039142857142856 60.55200000000002 61.63571428571427 
DATA 52.38142857142857 53.57142857142857 49.97285714285714 51.58714285714285 46.75999999999999 
DATA 55.46785714285714 56.52857142857142 53.77500000000001 55.54642857142856 52.041428571428575 
DATA 56.50428571428572 56.54857142857141 54.530000000000015 57.474285714285706 54.44666666666668 
DATA 55.71785714285715 57.16964285714285 55.81071428571428 57.39535714285713 55.01285714285712 
DATA 56.48914285714286 57.578571428571415 56.48914285714285 56.88085714285714 55.09628571428571 
DATA 76.21428571428571 74.23142857142857 72.11142857142856 77.30714285714285 73.65142857142857 
DATA 79.92642857142857 79.32642857142856 79.78428571428572 81.44571428571429 80.93785714285715 
DATA 83.11619047619047 81.65857142857142 80.53619047619048 82.59095238095237 81.15904761904763 
DATA 83.59749999999998 81.99285714285718 81.39785714285715 83.28214285714286 81.78464285714288 
DATA 83.90342857142856 83.31171428571433 80.53114285714292 83.09257142857143 82.46685714285717 
DATA 62.34000000000001 68.31571428571428 66.01 67.23571428571428 64.05 
DATA 71.7057142857143 73.84857142857142 72.39428571428573 68.03642857142857 69.66785714285716 
DATA 73.04190476190476 75.57095238095239 72.77142857142857 69.50714285714287 72.05666666666667 
DATA 73.11749999999999 75.94964285714288 75.15857142857142 71.4532142857143 73.6364285714286 
DATA 74.70485714285718 76.75971428571428 74.96514285714288 72.3428571428571 73.1717142857143 
DATA 60.95428571428571 56.08428571428571 60.59428571428571 63.64285714285716 55.70571428571429 
DATA 64.41214285714287 66.715 65.90428571428572 67.16714285714286 67.04785714285715 
DATA 67.38238095238096 66.89904761904765 67.08904761904762 66.33238095238096 68.03333333333335 
DATA 65.92607142857142 66.63499999999999 68.53964285714288 67.39928571428574 68.83714285714285 
DATA 66.96457142857142 66.85314285714286 68.27428571428571 65.95942857142856 69.02542857142858 
DATA 54.15285714285714 53.05285714285714 52.65571428571429 53.614285714285714 55.67000000000001 
DATA 59.22714285714286 60.225 62.25785714285713 59.9657142857143 60.392857142857125 
DATA 60.64190476190476 62.20857142857143 62.93047619047619 61.73285714285716 63.705238095238094 
DATA 59.84428571428568 63.34749999999998 61.28857142857144 61.418928571428594 63.383571428571415 
DATA 61.08285714285713 63.20799999999999 63.04257142857145 62.66285714285716 63.054285714285705 
DATA 48.56714285714286 47.39714285714286 49.44714285714286 49.38857142857143 51.99857142857143 
DATA 55.30714285714284 54.201428571428565 52.40071428571429 56.18285714285714 56.302857142857135 
DATA 56.19904761904762 54.84333333333333 55.13999999999999 55.68428571428571 56.52142857142859 
DATA 57.337499999999984 55.69785714285715 56.1260714285714 55.62214285714288 56.899999999999984 
DATA 57.31828571428572 56.14285714285714 56.572 55.57514285714282 56.81257142857144 
DATA 82.16285714285713 97.43714285714285 83.0 87.30857142857143 87.16285714285712 
DATA 90.77857142857142 79.06071428571428 87.02999999999997 91.12785714285717 86.26214285714285 
DATA 88.58047619047618 87.61333333333334 85.81619047619046 91.742380952381 87.44333333333334 
DATA 91.92464285714284 89.06428571428569 86.3567857142857 88.4117857142857 89.23464285714287 
DATA 91.9297142857143 89.32199999999995 91.43285714285716 89.43771428571425 91.16142857142856 
DATA 75.86714285714285 76.69714285714285 76.64 79.54714285714284 74.03285714285714 
DATA 77.16285714285713 75.29285714285716 77.28285714285714 79.22571428571428 75.44499999999998 
DATA 82.99571428571429 80.67238095238096 80.01809523809524 82.50761904761904 76.75238095238095 
DATA 82.98571428571428 81.13107142857142 80.4442857142857 81.48964285714284 79.38250000000002 
DATA 83.35714285714286 80.84714285714283 80.8682857142857 82.28028571428568 79.55742857142857 
DATA 70.4242857142857 68.09714285714287 71.7 71.71857142857142 66.08142857142856 
DATA 66.97642857142857 67.98142857142855 73.51071428571427 73.65357142857144 71.46071428571427 
DATA 73.34428571428572 70.78523809523807 73.71761904761904 73.86666666666669 72.51809523809524 
DATA 73.18000000000002 71.98642857142856 73.45964285714285 73.8375 71.05035714285717 
DATA 73.80114285714285 72.0302857142857 74.0677142857143 75.98514285714289 71.67257142857143 
DATA 56.15571428571428 59.36999999999999 62.83571428571429 65.81714285714284 66.75428571428571 
DATA 63.29571428571428 66.135 63.835 69.32857142857142 66.42428571428572 
DATA 67.36047619047619 68.11380952380952 68.31809523809522 70.22238095238096 65.54285714285713 
DATA 67.98857142857142 70.84857142857145 68.39000000000001 68.82571428571427 68.99 
DATA 68.03114285714283 68.6094285714286 68.92999999999996 69.67857142857142 68.3625714285714 
DATA 59.11571428571428 53.51714285714286 57.86714285714286 61.76999999999999 59.57428571428572 
DATA 60.73857142857141 59.06142857142858 61.31357142857143 61.14142857142858 60.952857142857134 
DATA 64.23476190476191 63.57095238095239 64.32428571428571 63.7742857142857 61.29952380952384 
DATA 64.06107142857142 65.02107142857143 63.11214285714287 63.57428571428572 62.46250000000001 
DATA 63.41714285714287 64.37599999999999 64.20828571428571 63.31457142857145 61.817142857142855 
DATA 89.45714285714287 86.38857142857141 91.03428571428572 89.10999999999999 80.5942857142857 
DATA 89.04357142857144 87.06142857142858 88.50928571428572 91.15142857142855 90.00357142857142 
DATA 88.74666666666664 86.48857142857145 90.93476190476188 92.46619047619046 94.23190476190476 
DATA 93.13785714285711 88.95749999999995 91.63964285714287 92.9725 93.005 
DATA 92.04714285714284 88.86857142857143 94.25 91.892 93.45485714285716 
DATA 67.19285714285714 75.37285714285714 69.63857142857144 74.54714285714284 71.88142857142857 
DATA 78.01071428571429 78.08428571428571 80.0807142857143 77.08785714285715 77.14857142857143 
DATA 79.29333333333334 80.30238095238097 82.95666666666665 82.73000000000002 79.83380952380955 
DATA 81.0414285714286 82.75999999999999 83.87107142857143 83.5425 79.78071428571432 
DATA 81.91942857142858 82.25914285714285 85.31942857142856 84.22342857142857 81.50742857142855 
DATA 71.28857142857143 67.66999999999999 71.74285714285715 63.231428571428566 63.69428571428572 
DATA 72.05071428571429 71.81214285714286 70.89214285714287 72.10428571428572 72.65714285714286 
DATA 74.08523809523811 72.95666666666665 74.28380952380952 74.73952380952385 72.52761904761904 
DATA 75.48821428571428 72.2717857142857 74.93000000000002 72.95500000000001 74.35107142857143 
DATA 76.02428571428568 74.5117142857143 73.94885714285715 74.59914285714287 74.49714285714289 
DATA 64.57285714285715 65.36 56.39428571428572 61.48142857142857 71.46857142857142 
DATA 68.73571428571428 66.62071428571427 65.90642857142858 63.96642857142856 68.29785714285714 
DATA 68.76523809523809 69.61809523809525 64.79809523809523 70.29142857142858 70.44238095238094 
DATA 68.65214285714282 69.8092857142857 67.49035714285714 68.9192857142857 70.37500000000003 
DATA 67.6014285714286 70.28514285714287 67.40599999999999 69.50628571428574 69.21314285714283 
DATA 52.72285714285714 57.90857142857142 56.45571428571428 55.58714285714285 53.25857142857143 
DATA 62.67714285714285 62.16357142857142 60.36571428571428 59.41357142857142 62.00214285714285 
DATA 64.64047619047619 62.51571428571426 61.584285714285706 60.91904761904762 62.18000000000004 
DATA 64.93071428571429 63.68964285714288 63.27678571428573 60.45535714285717 64.57428571428572 
DATA 64.34971428571428 62.65428571428573 62.518285714285724 61.19742857142857 64.72942857142857 
DATA 81.70285714285716 80.35142857142857 83.01142857142858 86.41714285714285 83.88285714285715 
DATA 85.42928571428571 84.22500000000001 88.64428571428572 88.65357142857144 91.4092857142857 
DATA 89.09761904761905 88.17333333333333 91.94761904761904 89.51523809523805 92.64428571428572 
DATA 92.01535714285716 88.6839285714286 91.06964285714284 89.54607142857147 91.8507142857143 
DATA 91.44028571428576 88.55257142857143 90.38514285714284 91.60828571428574 92.82114285714285 
DATA 74.91714285714285 60.85000000000001 81.46285714285715 80.87142857142858 71.49428571428571 
DATA 78.13714285714286 75.69357142857142 80.56928571428571 79.31928571428571 78.77857142857142 
DATA 78.67857142857143 80.8590476190476 82.30857142857145 80.50428571428569 81.25142857142856 
DATA 79.96035714285715 82.12535714285714 82.47964285714286 80.98892857142859 80.58785714285716 
DATA 80.25457142857142 81.59485714285715 83.272 82.33600000000003 80.78828571428572 
DATA 63.94285714285714 67.27714285714286 64.8442857142857 61.39285714285715 64.44285714285714 
DATA 72.09285714285714 73.13071428571428 68.21928571428573 71.25214285714286 69.15642857142856 
DATA 72.10571428571431 73.94857142857143 69.27095238095237 73.77523809523811 71.44809523809523 
DATA 73.61357142857142 72.3089285714286 69.8467857142857 73.30071428571432 70.69821428571429 
DATA 72.82657142857143 73.02171428571427 71.66771428571427 71.97685714285714 71.81142857142859 
DATA 63.71571428571429 57.521428571428565 61.64285714285715 53.98285714285714 57.19714285714286 
DATA 64.6057142857143 62.6242857142857 66.42357142857144 62.77142857142858 66.15785714285714 
DATA 66.42571428571429 65.47285714285715 67.29666666666665 65.15619047619049 69.7461904761905 
DATA 67.5332142857143 65.7975 67.47607142857143 65.1567857142857 70.12142857142855 
DATA 68.2822857142857 65.84114285714281 67.74771428571428 66.95371428571428 69.31200000000001 
DATA 59.381428571428565 50.95571428571428 58.51857142857143 62.20714285714286 57.871428571428574 
DATA 61.925714285714285 63.376428571428576 58.91857142857142 62.21571428571428 62.57285714285714 
DATA 62.01476190476191 63.51428571428572 62.567619047619054 63.321904761904776 64.03999999999999 
DATA 61.91428571428576 63.47107142857142 62.99178571428572 62.591785714285706 64.63285714285718 
DATA 62.65971428571428 62.57457142857142 62.818000000000005 62.992 64.1942857142857 
DATA 81.93142857142857 83.89142857142858 77.73428571428573 76.92999999999999 83.90428571428572 
DATA 87.05571428571429 88.785 85.84928571428573 86.96357142857143 90.08785714285716 
DATA 89.22619047619048 89.8704761904762 87.6509523809524 90.70285714285716 90.02380952380953 
DATA 90.4853571428572 88.56642857142856 89.74035714285715 90.80714285714284 89.32321428571426 
DATA 91.59742857142857 88.58400000000002 89.69457142857145 90.21085714285717 91.60371428571425 
DATA 73.83857142857141 75.8342857142857 73.24428571428572 60.81999999999999 67.59 
DATA 76.37857142857142 78.27571428571427 78.05428571428571 76.69214285714285 73.76571428571427 
DATA 81.80523809523814 81.69714285714288 79.80904761904763 79.93904761904761 77.12761904761905 
DATA 79.34428571428575 80.78 81.43535714285716 80.08357142857143 77.92142857142858 
DATA 79.83571428571427 80.71942857142854 79.744 79.85742857142858 78.68828571428573 
DATA 65.3757142857143 67.5 68.3742857142857 72.02714285714286 68.57285714285715 
DATA 73.49499999999999 70.225 69.80714285714285 70.3057142857143 72.6542857142857 
DATA 75.34809523809523 71.36619047619048 70.53095238095237 72.30904761904762 72.74571428571427 
DATA 74.37642857142859 72.19464285714285 72.02357142857144 72.94285714285714 76.80892857142858 
DATA 74.64457142857147 72.80885714285712 72.01914285714288 73.71285714285719 76.11228571428575 
DATA 58.87571428571429 58.27142857142858 63.97428571428571 60.27 60.06714285714287 
DATA 68.47357142857142 66.92857142857142 67.86142857142856 64.55499999999999 63.50785714285714 
DATA 70.24095238095235 70.83666666666669 67.40476190476193 66.81809523809522 64.81571428571431 
DATA 69.64071428571432 70.215 67.55535714285715 69.25035714285714 66.82428571428572 
DATA 70.24428571428575 69.55257142857143 67.20599999999997 68.30542857142859 67.23942857142858 
DATA 56.97857142857144 56.695714285714295 53.65714285714285 57.50000000000001 58.88999999999999 
DATA 58.960714285714296 62.47642857142856 64.50857142857143 59.535714285714285 59.70857142857143 
DATA 61.06095238095239 63.707142857142856 63.29809523809523 59.76857142857144 64.65333333333334 
DATA 62.30464285714286 62.80249999999997 63.446071428571415 61.781785714285725 64.36642857142859 
DATA 63.091714285714296 62.01657142857141 62.45 60.93142857142857 63.8282857142857 
DATA 79.05857142857143 78.05142857142857 83.24 82.64285714285714 84.37285714285714 
DATA 85.49071428571428 83.92214285714284 91.41857142857144 89.11642857142859 88.32214285714288 
DATA 89.45095238095239 89.84666666666665 91.17619047619048 89.13285714285715 89.25571428571425 
DATA 90.59785714285712 90.2317857142857 89.92749999999998 90.8125 89.36892857142855 
DATA 90.54542857142854 89.89200000000001 89.0537142857143 91.13142857142856 90.5197142857143 
DATA 78.64428571428572 71.49142857142857 64.12142857142858 71.8442857142857 74.91285714285713 
DATA 77.4742857142857 77.89999999999999 79.5442857142857 80.04142857142857 78.34714285714287 
DATA 78.83761904761903 77.62857142857145 79.76476190476188 81.33333333333336 79.81190476190477 
DATA 80.29249999999998 79.59 81.94571428571427 80.68785714285717 83.14428571428574 
DATA 80.92685714285714 78.3588571428571 81.12171428571423 80.46714285714287 82.07828571428574 
DATA 69.24285714285715 58.56571428571429 71.48714285714286 63.56857142857144 69.79714285714286 
DATA 71.99357142857143 69.745 75.12642857142858 72.57428571428572 71.88428571428572 
DATA 74.13904761904759 70.15333333333334 75.30571428571427 74.1909523809524 72.4857142857143 
DATA 72.79285714285714 71.65535714285716 72.9417857142857 74.10285714285716 70.92285714285717 
DATA 72.16485714285717 72.90885714285717 72.38028571428568 72.83742857142853 72.1494285714286 
DATA 61.46142857142858 59.99428571428572 57.77857142857143 59.38857142857143 63.77857142857143 
DATA 64.97357142857145 64.33857142857143 64.235 65.38714285714286 68.73928571428571 
DATA 67.51952380952382 69.02285714285716 66.46904761904761 66.43285714285715 67.09619047619047 
DATA 67.66714285714285 68.1807142857143 66.20821428571432 66.805 66.85535714285713 
DATA 66.97599999999998 67.40771428571432 66.50514285714287 66.62971428571426 66.31142857142859 
DATA 54.52285714285714 48.09428571428571 53.68857142857143 52.36714285714287 54.49571428571429 
DATA 62.51357142857143 63.615 60.830714285714286 61.925 62.71571428571429 
DATA 62.95571428571429 63.19428571428572 61.51857142857141 62.80380952380952 63.75380952380952 
DATA 62.6817857142857 63.37857142857143 61.5425 62.35785714285716 61.8175 
DATA 62.26257142857144 63.105428571428575 61.32028571428573 62.30714285714286 62.13085714285715 
DATA 80.59714285714287 84.38285714285713 86.39999999999999 84.57857142857142 88.17857142857143 
DATA 74.875 89.83857142857143 87.20642857142856 90.20642857142856 88.53714285714285 
DATA 85.12333333333333 93.09619047619046 88.07714285714286 92.70190476190476 88.69238095238096 
DATA 88.25714285714288 92.29964285714286 88.3235714285714 92.30428571428573 90.91321428571428 
DATA 89.02885714285712 92.71342857142857 93.08371428571428 92.16828571428572 92.08685714285711 
DATA 70.10428571428571 68.39857142857144 77.26 60.43571428571429 77.23285714285714 
DATA 76.27214285714285 80.16285714285713 75.71857142857142 80.27142857142857 83.31500000000001 
DATA 82.82619047619048 83.18285714285713 83.6504761904762 81.94666666666666 85.51761904761904 
DATA 82.5557142857143 83.79392857142857 82.06214285714285 82.8532142857143 84.30178571428574 
DATA 83.37285714285713 84.78399999999998 83.52885714285713 85.28114285714287 84.79942857142856 
DATA 67.25428571428571 63.25999999999999 62.08857142857144 72.52142857142857 65.75571428571428 
DATA 72.32857142857142 74.20071428571428 71.45857142857145 74.64357142857143 74.98714285714286 
DATA 75.42380952380952 73.43238095238094 72.82619047619045 73.63428571428571 75.0142857142857 
DATA 76.19107142857146 74.97999999999999 73.69857142857143 73.73857142857143 74.38035714285716 
DATA 74.6337142857143 75.23599999999996 75.17171428571426 76.70114285714284 74.85857142857141 
DATA 69.13428571428571 58.79714285714287 65.2757142857143 63.51428571428571 60.17142857142858 
DATA 69.42571428571429 69.20214285714286 64.81642857142857 64.87285714285713 67.37285714285714 
DATA 68.88285714285715 66.45714285714286 67.6852380952381 67.20142857142856 69.86666666666667 
DATA 69.58285714285714 67.3864285714286 69.37000000000002 68.53857142857142 70.95321428571428 
DATA 70.30742857142856 67.70685714285715 69.60914285714283 69.34057142857145 68.87485714285717 
DATA 58.371428571428574 53.48428571428571 50.80571428571428 59.48285714285714 59.31 
DATA 62.03142857142858 60.21928571428571 63.22714285714288 64.28357142857143 62.84642857142858 
DATA 65.7242857142857 63.0295238095238 64.36904761904763 65.58904761904762 66.55857142857143 
DATA 65.56821428571429 63.7139285714286 66.56178571428572 66.91178571428573 65.55285714285712 
DATA 65.53914285714285 65.1657142857143 66.10142857142856 64.11628571428574 65.83571428571429 
DATA 90.13857142857144 85.01714285714287 77.08714285714287 79.10714285714286 89.24714285714285 
DATA 94.03642857142856 80.86 87.80785714285717 91.45285714285716 81.00857142857141 
DATA 82.69190476190475 89.02333333333334 94.86571428571428 92.99047619047622 80.2252380952381 
DATA 94.7214285714286 91.73892857142856 89.32142857142854 95.20357142857144 92.51428571428568 
DATA 93.86514285714286 93.36028571428572 93.82342857142862 95.33542857142854 92.99571428571424 
DATA 72.63571428571429 73.30142857142857 68.62142857142857 78.4742857142857 67.78571428571428 
DATA 84.25357142857142 77.62928571428573 77.08 79.94000000000001 80.36285714285715 
DATA 86.33857142857144 84.98904761904762 84.0747619047619 87.63047619047617 81.9557142857143 
DATA 85.4957142857143 84.98392857142855 86.8117857142857 88.33321428571426 81.88392857142858 
DATA 84.68857142857142 86.53428571428576 86.37257142857142 86.70857142857142 82.78257142857144 
DATA 67.33857142857143 66.5342857142857 72.54142857142857 70.3257142857143 64.16 
DATA 73.17214285714284 74.60571428571428 77.38714285714286 68.25142857142858 68.65357142857144 
DATA 77.03380952380954 75.27095238095238 79.63095238095241 71.22285714285715 73.78428571428573 
DATA 78.39035714285714 74.67821428571429 78.35857142857141 74.73 77.18678571428572 
DATA 77.75085714285713 76.21742857142857 77.46514285714285 73.67485714285718 77.31714285714285 
DATA 58.66428571428571 62.36857142857143 58.642857142857146 60.23 64.83000000000001 
DATA 65.955 67.89857142857143 68.70857142857143 67.99571428571429 68.35071428571426 
DATA 65.8995238095238 73.02523809523811 71.31285714285714 69.64761904761906 67.89666666666669 
DATA 67.32214285714286 70.575 71.14142857142856 70.52464285714287 68.72749999999999 
DATA 68.53628571428573 70.39371428571428 70.66600000000001 69.31428571428576 72.73942857142856 
DATA 54.46571428571429 54.701428571428565 58.32714285714287 55.23571428571428 53.89571428571429 
DATA 64.04428571428573 63.92785714285714 64.4557142857143 66.32357142857144 63.67857142857143 
DATA 65.48000000000002 65.45571428571431 65.11714285714285 67.5247619047619 67.58619047619045 
DATA 65.4157142857143 65.04928571428572 67.28107142857142 66.7967857142857 67.3810714285714 
DATA 64.55657142857143 66.07885714285713 65.98314285714285 66.57514285714285 68.09999999999998 
DATA 86.89714285714285 73.25857142857141 82.63000000000001 83.77 88.61285714285714 
DATA 89.48071428571428 88.22428571428573 94.59285714285714 94.80928571428572 89.63214285714285 
DATA 95.28380952380952 93.35952380952384 92.86095238095236 92.57 82.30333333333336 
DATA 94.46107142857144 94.14750000000002 92.48107142857144 93.40999999999998 92.76178571428572 
DATA 96.32657142857144 95.41457142857142 95.17 95.58142857142856 93.2714285714286 
DATA 70.37428571428572 75.19000000000001 77.64714285714285 75.01571428571428 68.89 
DATA 80.30714285714285 83.42071428571428 84.55071428571429 80.7792857142857 82.60071428571428 
DATA 82.18476190476191 83.08380952380953 85.26285714285711 81.47761904761903 84.46952380952382 
DATA 83.66250000000001 84.56571428571428 87.02428571428572 85.5417857142857 85.30178571428571 
DATA 85.38199999999996 86.00742857142856 87.27685714285715 84.18885714285712 85.41085714285717 
DATA 64.42571428571428 67.47142857142858 65.96142857142857 74.41714285714285 73.90142857142858 
DATA 71.63785714285714 73.03428571428572 71.66357142857143 76.13214285714285 74.94285714285715 
DATA 75.3647619047619 75.26285714285714 75.31857142857145 76.71952380952382 73.67142857142856 
DATA 76.5457142857143 78.42999999999999 78.36071428571427 76.38 76.71821428571427 
DATA 78.60885714285715 78.36599999999999 77.62599999999998 76.92742857142858 79.74742857142857 
DATA 61.71428571428572 64.05571428571429 61.95714285714286 68.14142857142858 66.37571428571428 
DATA 69.63642857142858 67.07214285714285 67.80642857142858 69.18857142857142 67.01 
DATA 69.03714285714284 70.8347619047619 70.75571428571428 72.52238095238094 68.93476190476188 
DATA 70.61035714285715 71.77 70.03857142857143 74.74964285714283 72.78357142857145 
DATA 71.84542857142854 70.90199999999997 69.90485714285713 73.07657142857141 72.09828571428572 
DATA 57.50428571428571 57.08714285714285 57.06285714285714 58.50285714285714 62.82428571428572 
DATA 64.16071428571428 61.34142857142858 64.55428571428571 64.17999999999998 60.16642857142858 
DATA 65.0490476190476 65.36857142857141 64.8390476190476 67.5457142857143 64.26380952380951 
DATA 67.75035714285713 65.19714285714284 64.33892857142858 66.56214285714285 67.09571428571431 
DATA 66.28542857142858 65.50914285714288 63.79857142857142 66.35799999999999 66.25142857142858 
DATA 82.84142857142857 80.44285714285715 79.61714285714287 82.05285714285715 77.96857142857142 
DATA 88.96071428571427 95.30500000000002 95.01642857142852 90.82142857142856 91.5607142857143 
DATA 95.40380952380951 93.33904761904762 94.8704761904762 91.04809523809524 93.32095238095238 
DATA 96.7692857142857 93.19142857142856 85.48714285714287 91.5803571428572 94.69107142857146 
DATA 96.554 95.88971428571428 95.16685714285713 93.614 94.17028571428573 
DATA 71.10285714285715 74.07714285714285 72.57428571428572 71.50857142857144 76.15142857142857 
DATA 78.85357142857143 81.33142857142856 80.9 80.47571428571428 82.57071428571427 
DATA 85.5552380952381 83.58619047619047 82.83095238095238 82.97904761904763 84.70285714285713 
DATA 87.60928571428568 86.89999999999998 82.5982142857143 85.16000000000004 84.82214285714288 
DATA 88.03800000000001 87.49257142857142 84.47485714285713 87.29200000000003 85.9974285714286 
DATA 64.15428571428572 68.53857142857143 69.00428571428571 64.70285714285714 67.5457142857143 
DATA 73.93642857142856 68.98999999999998 75.33142857142857 75.09285714285713 71.21857142857144 
DATA 76.31809523809524 75.59952380952382 77.04619047619045 73.12095238095237 74.73333333333335 
DATA 77.27535714285715 76.97964285714285 79.69107142857145 76.07392857142858 75.72892857142855 
DATA 79.02685714285712 76.58828571428575 78.42285714285713 77.76085714285715 76.53457142857143 
DATA 63.75428571428573 59.57857142857143 56.79142857142857 61.06571428571429 63.432857142857145 
DATA 66.53285714285713 70.80571428571429 71.25142857142858 67.30285714285715 67.77857142857144 
DATA 70.78761904761905 74.11476190476189 70.66857142857145 69.28 70.84333333333333 
DATA 71.48142857142858 72.4517857142857 71.18714285714285 72.04607142857142 70.97571428571426 
DATA 71.48742857142861 72.87085714285715 69.92742857142859 71.63685714285715 72.6042857142857 
DATA 57.66857142857144 50.37714285714286 54.87285714285714 58.49285714285714 62.46999999999999 
DATA 62.61357142857143 61.33142857142857 64.93714285714289 66.70285714285716 64.06785714285716 
DATA 64.54190476190475 64.58047619047619 65.94809523809525 66.95428571428575 66.22285714285715 
DATA 65.50000000000004 64.25464285714287 66.1639285714286 67.42750000000002 68.34857142857142 
DATA 65.63600000000004 65.83371428571425 67.87799999999997 66.76457142857141 67.58971428571431 
DATA 76.4557142857143 80.39285714285714 85.75571428571429 84.48142857142857 88.79857142857142 
DATA 90.5992857142857 87.99785714285714 91.39928571428572 93.64642857142856 89.81785714285715 
DATA 93.27238095238096 92.25428571428571 91.68523809523806 96.94761904761906 93.91619047619048 
DATA 94.69642857142854 93.71821428571432 96.47607142857144 95.90071428571426 95.55357142857146 
DATA 94.2405714285714 93.522 95.67057142857144 95.66828571428574 95.54228571428573 
DATA 78.32571428571428 71.27571428571429 76.20857142857143 75.00714285714285 69.36428571428571 
DATA 84.21285714285715 80.98642857142856 82.91928571428573 80.80285714285716 81.85142857142856 
DATA 87.82666666666665 82.91380952380956 85.11476190476189 85.57190476190473 84.8352380952381 
DATA 87.43892857142859 84.52000000000002 87.65571428571432 84.24392857142855 87.71857142857144 
DATA 85.98599999999998 85.44857142857141 86.80657142857137 85.91914285714287 85.7797142857143 
DATA 65.01714285714286 69.96857142857144 70.24428571428572 75.11428571428571 67.69285714285715 
DATA 74.84142857142857 74.61500000000002 76.18214285714285 76.31071428571428 75.94785714285715 
DATA 74.21190476190476 77.11190476190475 76.1119047619048 75.59523809523809 76.53190476190474 
DATA 78.00178571428573 79.13999999999999 76.58857142857141 77.52392857142858 77.25928571428571 
DATA 75.8745714285714 79.45600000000006 77.17428571428574 77.53628571428573 77.37257142857143 
DATA 65.88 59.42428571428571 65.8142857142857 63.09571428571429 62.92142857142858 
DATA 70.69357142857143 70.94714285714285 65.4092857142857 69.11428571428571 69.68214285714284 
DATA 71.46666666666667 73.65285714285716 68.85285714285716 70.16666666666667 71.99333333333335 
DATA 74.11250000000003 72.73928571428573 72.86392857142857 72.18857142857142 72.38214285714285 
DATA 72.57457142857146 73.21428571428575 72.35857142857141 72.23799999999999 72.20885714285714 
DATA 59.20428571428572 58.52142857142856 61.50857142857142 60.94857142857143 58.35142857142856 
DATA 65.14499999999998 64.22928571428571 65.02357142857143 62.985000000000014 66.4992857142857 
DATA 66.06809523809522 67.25952380952383 69.43999999999998 65.45523809523812 70.0004761904762 
DATA 66.91892857142855 68.28142857142858 68.6257142857143 67.13607142857141 70.49750000000002 
DATA 66.478 68.35514285714282 67.68485714285718 67.418 69.68199999999999 

