PARAMETER cpu_limit
PARAMETER memory_limit
PARAMETER number_of_pods
PARAMETER rps


POINTS ( 300 400 1 1 ) ( 300 400 2 1 ) ( 300 400 3 1 ) ( 300 400 4 1 ) ( 300 400 5 1 ) 
POINTS ( 300 450 1 1 ) ( 300 450 2 1 ) ( 300 450 3 1 ) ( 300 450 4 1 ) ( 300 450 5 1 ) 
POINTS ( 300 500 1 1 ) ( 300 500 2 1 ) ( 300 500 3 1 ) ( 300 500 4 1 ) ( 300 500 5 1 ) 
POINTS ( 300 550 1 1 ) ( 300 550 2 1 ) ( 300 550 3 1 ) ( 300 550 4 1 ) ( 300 550 5 1 ) 
POINTS ( 300 600 1 1 ) ( 300 600 2 1 ) ( 300 600 3 1 ) ( 300 600 4 1 ) ( 300 600 5 1 ) 
POINTS ( 350 400 1 1 ) ( 350 400 2 1 ) ( 350 400 3 1 ) ( 350 400 4 1 ) ( 350 400 5 1 ) 
POINTS ( 350 450 1 1 ) ( 350 450 2 1 ) ( 350 450 3 1 ) ( 350 450 4 1 ) ( 350 450 5 1 ) 
POINTS ( 350 500 1 1 ) ( 350 500 2 1 ) ( 350 500 3 1 ) ( 350 500 4 1 ) ( 350 500 5 1 ) 
POINTS ( 350 550 1 1 ) ( 350 550 2 1 ) ( 350 550 3 1 ) ( 350 550 4 1 ) ( 350 550 5 1 ) 
POINTS ( 350 600 1 1 ) ( 350 600 2 1 ) ( 350 600 3 1 ) ( 350 600 4 1 ) ( 350 600 5 1 ) 
POINTS ( 400 400 1 1 ) ( 400 400 2 1 ) ( 400 400 3 1 ) ( 400 400 4 1 ) ( 400 400 5 1 ) 
POINTS ( 400 450 1 1 ) ( 400 450 2 1 ) ( 400 450 3 1 ) ( 400 450 4 1 ) ( 400 450 5 1 ) 
POINTS ( 400 500 1 1 ) ( 400 500 2 1 ) ( 400 500 3 1 ) ( 400 500 4 1 ) ( 400 500 5 1 ) 
POINTS ( 400 550 1 1 ) ( 400 550 2 1 ) ( 400 550 3 1 ) ( 400 550 4 1 ) ( 400 550 5 1 ) 
POINTS ( 400 600 1 1 ) ( 400 600 2 1 ) ( 400 600 3 1 ) ( 400 600 4 1 ) ( 400 600 5 1 ) 
POINTS ( 450 400 1 1 ) ( 450 400 2 1 ) ( 450 400 3 1 ) ( 450 400 4 1 ) ( 450 400 5 1 ) 
POINTS ( 450 450 1 1 ) ( 450 450 2 1 ) ( 450 450 3 1 ) ( 450 450 4 1 ) ( 450 450 5 1 ) 
POINTS ( 450 500 1 1 ) ( 450 500 2 1 ) ( 450 500 3 1 ) ( 450 500 4 1 ) ( 450 500 5 1 ) 
POINTS ( 450 550 1 1 ) ( 450 550 2 1 ) ( 450 550 3 1 ) ( 450 550 4 1 ) ( 450 550 5 1 ) 
POINTS ( 450 600 1 1 ) ( 450 600 2 1 ) ( 450 600 3 1 ) ( 450 600 4 1 ) ( 450 600 5 1 ) 
POINTS ( 500 400 1 1 ) ( 500 400 2 1 ) ( 500 400 3 1 ) ( 500 400 4 1 ) ( 500 400 5 1 ) 
POINTS ( 500 450 1 1 ) ( 500 450 2 1 ) ( 500 450 3 1 ) ( 500 450 4 1 ) ( 500 450 5 1 ) 
POINTS ( 500 500 1 1 ) ( 500 500 2 1 ) ( 500 500 3 1 ) ( 500 500 4 1 ) ( 500 500 5 1 ) 
POINTS ( 500 550 1 1 ) ( 500 550 2 1 ) ( 500 550 3 1 ) ( 500 550 4 1 ) ( 500 550 5 1 ) 
POINTS ( 500 600 1 1 ) ( 500 600 2 1 ) ( 500 600 3 1 ) ( 500 600 4 1 ) ( 500 600 5 1 ) 
POINTS ( 300 400 1 5 ) ( 300 400 2 5 ) ( 300 400 3 5 ) ( 300 400 4 5 ) ( 300 400 5 5 ) 
POINTS ( 300 450 1 5 ) ( 300 450 2 5 ) ( 300 450 3 5 ) ( 300 450 4 5 ) ( 300 450 5 5 ) 
POINTS ( 300 500 1 5 ) ( 300 500 2 5 ) ( 300 500 3 5 ) ( 300 500 4 5 ) ( 300 500 5 5 ) 
POINTS ( 300 550 1 5 ) ( 300 550 2 5 ) ( 300 550 3 5 ) ( 300 550 4 5 ) ( 300 550 5 5 ) 
POINTS ( 300 600 1 5 ) ( 300 600 2 5 ) ( 300 600 3 5 ) ( 300 600 4 5 ) ( 300 600 5 5 ) 
POINTS ( 350 400 1 5 ) ( 350 400 2 5 ) ( 350 400 3 5 ) ( 350 400 4 5 ) ( 350 400 5 5 ) 
POINTS ( 350 450 1 5 ) ( 350 450 2 5 ) ( 350 450 3 5 ) ( 350 450 4 5 ) ( 350 450 5 5 ) 
POINTS ( 350 500 1 5 ) ( 350 500 2 5 ) ( 350 500 3 5 ) ( 350 500 4 5 ) ( 350 500 5 5 ) 
POINTS ( 350 550 1 5 ) ( 350 550 2 5 ) ( 350 550 3 5 ) ( 350 550 4 5 ) ( 350 550 5 5 ) 
POINTS ( 350 600 1 5 ) ( 350 600 2 5 ) ( 350 600 3 5 ) ( 350 600 4 5 ) ( 350 600 5 5 ) 
POINTS ( 400 400 1 5 ) ( 400 400 2 5 ) ( 400 400 3 5 ) ( 400 400 4 5 ) ( 400 400 5 5 ) 
POINTS ( 400 450 1 5 ) ( 400 450 2 5 ) ( 400 450 3 5 ) ( 400 450 4 5 ) ( 400 450 5 5 ) 
POINTS ( 400 500 1 5 ) ( 400 500 2 5 ) ( 400 500 3 5 ) ( 400 500 4 5 ) ( 400 500 5 5 ) 
POINTS ( 400 550 1 5 ) ( 400 550 2 5 ) ( 400 550 3 5 ) ( 400 550 4 5 ) ( 400 550 5 5 ) 
POINTS ( 400 600 1 5 ) ( 400 600 2 5 ) ( 400 600 3 5 ) ( 400 600 4 5 ) ( 400 600 5 5 ) 
POINTS ( 450 400 1 5 ) ( 450 400 2 5 ) ( 450 400 3 5 ) ( 450 400 4 5 ) ( 450 400 5 5 ) 
POINTS ( 450 450 1 5 ) ( 450 450 2 5 ) ( 450 450 3 5 ) ( 450 450 4 5 ) ( 450 450 5 5 ) 
POINTS ( 450 500 1 5 ) ( 450 500 2 5 ) ( 450 500 3 5 ) ( 450 500 4 5 ) ( 450 500 5 5 ) 
POINTS ( 450 550 1 5 ) ( 450 550 2 5 ) ( 450 550 3 5 ) ( 450 550 4 5 ) ( 450 550 5 5 ) 
POINTS ( 450 600 1 5 ) ( 450 600 2 5 ) ( 450 600 3 5 ) ( 450 600 4 5 ) ( 450 600 5 5 ) 
POINTS ( 500 400 1 5 ) ( 500 400 2 5 ) ( 500 400 3 5 ) ( 500 400 4 5 ) ( 500 400 5 5 ) 
POINTS ( 500 450 1 5 ) ( 500 450 2 5 ) ( 500 450 3 5 ) ( 500 450 4 5 ) ( 500 450 5 5 ) 
POINTS ( 500 500 1 5 ) ( 500 500 2 5 ) ( 500 500 3 5 ) ( 500 500 4 5 ) ( 500 500 5 5 ) 
POINTS ( 500 550 1 5 ) ( 500 550 2 5 ) ( 500 550 3 5 ) ( 500 550 4 5 ) ( 500 550 5 5 ) 
POINTS ( 500 600 1 5 ) ( 500 600 2 5 ) ( 500 600 3 5 ) ( 500 600 4 5 ) ( 500 600 5 5 )
POINTS ( 300 400 1 10 ) ( 300 400 2 10 ) ( 300 400 3 10 ) ( 300 400 4 10 ) ( 300 400 5 10 ) 
POINTS ( 300 450 1 10 ) ( 300 450 2 10 ) ( 300 450 3 10 ) ( 300 450 4 10 ) ( 300 450 5 10 ) 
POINTS ( 300 500 1 10 ) ( 300 500 2 10 ) ( 300 500 3 10 ) ( 300 500 4 10 ) ( 300 500 5 10 ) 
POINTS ( 300 550 1 10 ) ( 300 550 2 10 ) ( 300 550 3 10 ) ( 300 550 4 10 ) ( 300 550 5 10 ) 
POINTS ( 300 600 1 10 ) ( 300 600 2 10 ) ( 300 600 3 10 ) ( 300 600 4 10 ) ( 300 600 5 10 ) 
POINTS ( 350 400 1 10 ) ( 350 400 2 10 ) ( 350 400 3 10 ) ( 350 400 4 10 ) ( 350 400 5 10 ) 
POINTS ( 350 450 1 10 ) ( 350 450 2 10 ) ( 350 450 3 10 ) ( 350 450 4 10 ) ( 350 450 5 10 ) 
POINTS ( 350 500 1 10 ) ( 350 500 2 10 ) ( 350 500 3 10 ) ( 350 500 4 10 ) ( 350 500 5 10 ) 
POINTS ( 350 550 1 10 ) ( 350 550 2 10 ) ( 350 550 3 10 ) ( 350 550 4 10 ) ( 350 550 5 10 ) 
POINTS ( 350 600 1 10 ) ( 350 600 2 10 ) ( 350 600 3 10 ) ( 350 600 4 10 ) ( 350 600 5 10 ) 
POINTS ( 400 400 1 10 ) ( 400 400 2 10 ) ( 400 400 3 10 ) ( 400 400 4 10 ) ( 400 400 5 10 ) 
POINTS ( 400 450 1 10 ) ( 400 450 2 10 ) ( 400 450 3 10 ) ( 400 450 4 10 ) ( 400 450 5 10 ) 
POINTS ( 400 500 1 10 ) ( 400 500 2 10 ) ( 400 500 3 10 ) ( 400 500 4 10 ) ( 400 500 5 10 ) 
POINTS ( 400 550 1 10 ) ( 400 550 2 10 ) ( 400 550 3 10 ) ( 400 550 4 10 ) ( 400 550 5 10 ) 
POINTS ( 400 600 1 10 ) ( 400 600 2 10 ) ( 400 600 3 10 ) ( 400 600 4 10 ) ( 400 600 5 10 ) 
POINTS ( 450 400 1 10 ) ( 450 400 2 10 ) ( 450 400 3 10 ) ( 450 400 4 10 ) ( 450 400 5 10 ) 
POINTS ( 450 450 1 10 ) ( 450 450 2 10 ) ( 450 450 3 10 ) ( 450 450 4 10 ) ( 450 450 5 10 ) 
POINTS ( 450 500 1 10 ) ( 450 500 2 10 ) ( 450 500 3 10 ) ( 450 500 4 10 ) ( 450 500 5 10 ) 
POINTS ( 450 550 1 10 ) ( 450 550 2 10 ) ( 450 550 3 10 ) ( 450 550 4 10 ) ( 450 550 5 10 ) 
POINTS ( 450 600 1 10 ) ( 450 600 2 10 ) ( 450 600 3 10 ) ( 450 600 4 10 ) ( 450 600 5 10 ) 
POINTS ( 500 400 1 10 ) ( 500 400 2 10 ) ( 500 400 3 10 ) ( 500 400 4 10 ) ( 500 400 5 10 ) 
POINTS ( 500 450 1 10 ) ( 500 450 2 10 ) ( 500 450 3 10 ) ( 500 450 4 10 ) ( 500 450 5 10 ) 
POINTS ( 500 500 1 10 ) ( 500 500 2 10 ) ( 500 500 3 10 ) ( 500 500 4 10 ) ( 500 500 5 10 ) 
POINTS ( 500 550 1 10 ) ( 500 550 2 10 ) ( 500 550 3 10 ) ( 500 550 4 10 ) ( 500 550 5 10 ) 
POINTS ( 500 600 1 10 ) ( 500 600 2 10 ) ( 500 600 3 10 ) ( 500 600 4 10 ) ( 500 600 5 10 ) 
POINTS ( 300 400 1 25 ) ( 300 400 2 25 ) ( 300 400 3 25 ) ( 300 400 4 25 ) ( 300 400 5 25 ) 
POINTS ( 300 450 1 25 ) ( 300 450 2 25 ) ( 300 450 3 25 ) ( 300 450 4 25 ) ( 300 450 5 25 ) 
POINTS ( 300 500 1 25 ) ( 300 500 2 25 ) ( 300 500 3 25 ) ( 300 500 4 25 ) ( 300 500 5 25 ) 
POINTS ( 300 550 1 25 ) ( 300 550 2 25 ) ( 300 550 3 25 ) ( 300 550 4 25 ) ( 300 550 5 25 ) 
POINTS ( 300 600 1 25 ) ( 300 600 2 25 ) ( 300 600 3 25 ) ( 300 600 4 25 ) ( 300 600 5 25 ) 
POINTS ( 350 400 1 25 ) ( 350 400 2 25 ) ( 350 400 3 25 ) ( 350 400 4 25 ) ( 350 400 5 25 ) 
POINTS ( 350 450 1 25 ) ( 350 450 2 25 ) ( 350 450 3 25 ) ( 350 450 4 25 ) ( 350 450 5 25 ) 
POINTS ( 350 500 1 25 ) ( 350 500 2 25 ) ( 350 500 3 25 ) ( 350 500 4 25 ) ( 350 500 5 25 ) 
POINTS ( 350 550 1 25 ) ( 350 550 2 25 ) ( 350 550 3 25 ) ( 350 550 4 25 ) ( 350 550 5 25 ) 
POINTS ( 350 600 1 25 ) ( 350 600 2 25 ) ( 350 600 3 25 ) ( 350 600 4 25 ) ( 350 600 5 25 ) 
POINTS ( 400 400 1 25 ) ( 400 400 2 25 ) ( 400 400 3 25 ) ( 400 400 4 25 ) ( 400 400 5 25 ) 
POINTS ( 400 450 1 25 ) ( 400 450 2 25 ) ( 400 450 3 25 ) ( 400 450 4 25 ) ( 400 450 5 25 ) 
POINTS ( 400 500 1 25 ) ( 400 500 2 25 ) ( 400 500 3 25 ) ( 400 500 4 25 ) ( 400 500 5 25 ) 
POINTS ( 400 550 1 25 ) ( 400 550 2 25 ) ( 400 550 3 25 ) ( 400 550 4 25 ) ( 400 550 5 25 ) 
POINTS ( 400 600 1 25 ) ( 400 600 2 25 ) ( 400 600 3 25 ) ( 400 600 4 25 ) ( 400 600 5 25 ) 
POINTS ( 450 400 1 25 ) ( 450 400 2 25 ) ( 450 400 3 25 ) ( 450 400 4 25 ) ( 450 400 5 25 ) 
POINTS ( 450 450 1 25 ) ( 450 450 2 25 ) ( 450 450 3 25 ) ( 450 450 4 25 ) ( 450 450 5 25 ) 
POINTS ( 450 500 1 25 ) ( 450 500 2 25 ) ( 450 500 3 25 ) ( 450 500 4 25 ) ( 450 500 5 25 ) 
POINTS ( 450 550 1 25 ) ( 450 550 2 25 ) ( 450 550 3 25 ) ( 450 550 4 25 ) ( 450 550 5 25 ) 
POINTS ( 450 600 1 25 ) ( 450 600 2 25 ) ( 450 600 3 25 ) ( 450 600 4 25 ) ( 450 600 5 25 ) 
POINTS ( 500 400 1 25 ) ( 500 400 2 25 ) ( 500 400 3 25 ) ( 500 400 4 25 ) ( 500 400 5 25 ) 
POINTS ( 500 450 1 25 ) ( 500 450 2 25 ) ( 500 450 3 25 ) ( 500 450 4 25 ) ( 500 450 5 25 ) 
POINTS ( 500 500 1 25 ) ( 500 500 2 25 ) ( 500 500 3 25 ) ( 500 500 4 25 ) ( 500 500 5 25 ) 
POINTS ( 500 550 1 25 ) ( 500 550 2 25 ) ( 500 550 3 25 ) ( 500 550 4 25 ) ( 500 550 5 25 ) 
POINTS ( 500 600 1 25 ) ( 500 600 2 25 ) ( 500 600 3 25 ) ( 500 600 4 25 ) ( 500 600 5 25 ) 
POINTS ( 300 400 1 50 ) ( 300 400 2 50 ) ( 300 400 3 50 ) ( 300 400 4 50 ) ( 300 400 5 50 ) 
POINTS ( 300 450 1 50 ) ( 300 450 2 50 ) ( 300 450 3 50 ) ( 300 450 4 50 ) ( 300 450 5 50 ) 
POINTS ( 300 500 1 50 ) ( 300 500 2 50 ) ( 300 500 3 50 ) ( 300 500 4 50 ) ( 300 500 5 50 ) 
POINTS ( 300 550 1 50 ) ( 300 550 2 50 ) ( 300 550 3 50 ) ( 300 550 4 50 ) ( 300 550 5 50 ) 
POINTS ( 300 600 1 50 ) ( 300 600 2 50 ) ( 300 600 3 50 ) ( 300 600 4 50 ) ( 300 600 5 50 ) 
POINTS ( 350 400 1 50 ) ( 350 400 2 50 ) ( 350 400 3 50 ) ( 350 400 4 50 ) ( 350 400 5 50 ) 
POINTS ( 350 450 1 50 ) ( 350 450 2 50 ) ( 350 450 3 50 ) ( 350 450 4 50 ) ( 350 450 5 50 ) 
POINTS ( 350 500 1 50 ) ( 350 500 2 50 ) ( 350 500 3 50 ) ( 350 500 4 50 ) ( 350 500 5 50 ) 
POINTS ( 350 550 1 50 ) ( 350 550 2 50 ) ( 350 550 3 50 ) ( 350 550 4 50 ) ( 350 550 5 50 ) 
POINTS ( 350 600 1 50 ) ( 350 600 2 50 ) ( 350 600 3 50 ) ( 350 600 4 50 ) ( 350 600 5 50 ) 
POINTS ( 400 400 1 50 ) ( 400 400 2 50 ) ( 400 400 3 50 ) ( 400 400 4 50 ) ( 400 400 5 50 ) 
POINTS ( 400 450 1 50 ) ( 400 450 2 50 ) ( 400 450 3 50 ) ( 400 450 4 50 ) ( 400 450 5 50 ) 
POINTS ( 400 500 1 50 ) ( 400 500 2 50 ) ( 400 500 3 50 ) ( 400 500 4 50 ) ( 400 500 5 50 ) 
POINTS ( 400 550 1 50 ) ( 400 550 2 50 ) ( 400 550 3 50 ) ( 400 550 4 50 ) ( 400 550 5 50 ) 
POINTS ( 400 600 1 50 ) ( 400 600 2 50 ) ( 400 600 3 50 ) ( 400 600 4 50 ) ( 400 600 5 50 ) 
POINTS ( 450 400 1 50 ) ( 450 400 2 50 ) ( 450 400 3 50 ) ( 450 400 4 50 ) ( 450 400 5 50 ) 
POINTS ( 450 450 1 50 ) ( 450 450 2 50 ) ( 450 450 3 50 ) ( 450 450 4 50 ) ( 450 450 5 50 ) 
POINTS ( 450 500 1 50 ) ( 450 500 2 50 ) ( 450 500 3 50 ) ( 450 500 4 50 ) ( 450 500 5 50 ) 
POINTS ( 450 550 1 50 ) ( 450 550 2 50 ) ( 450 550 3 50 ) ( 450 550 4 50 ) ( 450 550 5 50 ) 
POINTS ( 450 600 1 50 ) ( 450 600 2 50 ) ( 450 600 3 50 ) ( 450 600 4 50 ) ( 450 600 5 50 ) 
POINTS ( 500 400 1 50 ) ( 500 400 2 50 ) ( 500 400 3 50 ) ( 500 400 4 50 ) ( 500 400 5 50 ) 
POINTS ( 500 450 1 50 ) ( 500 450 2 50 ) ( 500 450 3 50 ) ( 500 450 4 50 ) ( 500 450 5 50 ) 
POINTS ( 500 500 1 50 ) ( 500 500 2 50 ) ( 500 500 3 50 ) ( 500 500 4 50 ) ( 500 500 5 50 ) 
POINTS ( 500 550 1 50 ) ( 500 550 2 50 ) ( 500 550 3 50 ) ( 500 550 4 50 ) ( 500 550 5 50 ) 
POINTS ( 500 600 1 50 ) ( 500 600 2 50 ) ( 500 600 3 50 ) ( 500 600 4 50 ) ( 500 600 5 50 )

REGION teastore
METRIC average_response_time

DATA 1917.8814412498623 1704.3179871948778 2919.200123519892 1897.307348901099 2317.244557823129 
DATA 1611.646675082117 1319.3121094870562 1464.2325167853014 1173.9335271485356 1177.2201950854594 
DATA 1180.4551800693455 1155 137869900316 1496.2462283959617 984.7687229655118 1146.6008316340888 
DATA 949.7649200344993 1075.8161399008077 1210.69659814501 959.9104476931798 1156.315125803571 
DATA 946.9050625588334 940.56273805259 1215 015871754774 1012.3724878886028 1079 898642088907 
DATA 1757.146194153337 2098.4220039303345 2225.7544152725345 2170.2998526054794 2598.2350443207583 
DATA 1099.510491183855 1242.7496301729686 1435 840200804323 1138.323371050897 1538.878844952587 
DATA 890.2904020039002 929.5673620335366 1211.952219652522 1141.2202841032615 1295.8997393380785 
DATA 701.7819246051502 935.9495092686436 1145.8438255285073 1126.552826743174 1113.9620377912838 
DATA 703 432593747353 974.400745993964 1144.9667940190625 1045.8583330365382 973.4227629281966 
DATA 1665 27679319422 1774.756628249799 1890.233514909723 2386.677386105958 2273.834150043668 
DATA 1311.1975743284454 923.1460591308792 1291.5416452971936 1342.2523619715998 1776.1473659068338 
DATA 1000.7390090431502 729.5296590969871 1127.2437286758402 1039.6131449968811 1224 684746000156 
DATA 870.4932208524388 679.7901398009999 934.7370791093128 998.739253480386 1050.998016690781 
DATA 825.9208687346672 782.9012503525131 901.3965841401092 899.7542904733061 952.9398283704476 
DATA 1666.3071558537945 1607.5690047864766 2187.2319508448536 2661.243940101734 1999.4930952380955 
DATA 1152 80905058752 800.4364853460181 1313.320494169528 1346.761669643995 1232.1949620205537 
DATA 1061.5964862129847 711.4264692105135 1143.6807976477528 1127 51866554513 994.3344109849796 
DATA 966.9968892098448 739.5944057347731 966.2659363102384 996.6831030854088 1061.2910879066071 
DATA 830.3848402774378 667 658131050247 959.5193650189271 1054.7091562947714 1075.1120711005844 
DATA 2212.723368666978 1736.9972844142717 2516.206148146547 2223 1792834151 2540.343408575551 
DATA 1118.7329723829357 1015.7169218029884 1326.525243495313 1592.44317228902 1543.9562812081754 
DATA 866.4300050512903 832 957994827429 1265.1424946499246 1394.8192243670985 1282.7026584218418 
DATA 852.7295975004057 771.1899053190888 1099 9101399451 1173.48889427343 1152.6955699140235 
DATA 739.7187189173904 811.7351677063607 1125 781142830033 1049.4611951577283 1059.8812888982573 
DATA 1690.115569604465 1876.333826405255 1857.455357142857 1653.35267318888 1426.453906705539 
DATA 1180.63096472056 1156.116057072894 1417.401050195966 1018.920754249077 932.2947450001795 
DATA 931.7505859957012 858 617728107457 1179.6544578100545 915.9480409612931 993.5024175313094 
DATA 804.8690729856319 679 030111016929 958.88623846315 765.9276106675052 927.519835273086 
DATA 744.9720994884592 632.4843144474783 805.8323242328207 762.5119916734654 926 397283228142 
DATA 4014.232600732601 1555.913860333215 1466.1831153310743 1742.6760950816115 1452.5973365410866 
DATA 2458.2210786400706 1286.3550669779556 959.4779218396194 1290.935153811784 1043.6492679022272 
DATA 1623.3175759927055 947.8464718509064 926.5989791490532 1129.7170688498427 951.1049606048344 
DATA 1252.3350364744117 813.1673220523289 937.6574161807944 965.5712208152328 951 908892447236 
DATA 1021.4358041006064 672.9376402519563 933.275098571494 872.4843378680716 921.147592171821 
DATA 1316.3830108920042 1974.925457310009 4358.51382767263 1898.3362932854304 1699.7557839986478 
DATA 944.1565086354102 741.2036072161317 1892.9141334938215 1045.4996789090171 1074.1820898137044 
DATA 985.861018358112 584.4350854898215 1776.3636113282253 883.4764535237792 1078.9680659986414 
DATA 820.1187841272622 550.3877271773307 1433.2608511005285 760.2844741076158 889.9014630291268 
DATA 780.4996860429185 506.1238754356993 1213.5992353390386 705.9484728809674 821.9367700663621 
DATA 1367.6939285714286 1431.9359461966603 3126.682427147865 1778.1389024307923 1723.9861549015209 
DATA 910.2590343320824 875.294574002704 1878.9468690589715 1424.5790840296654 1182.1163819071303 
DATA 698.5281898078993 725.3838508891747 1199.3341230246297 1331.1233451546843 935.89358123899 
DATA 593.4722023656798 626.1670597060216 1008.1163428989414 1203.4147303768807 931.9515380532404 
DATA 543 904022365781 568.5179512004721 851.7614778605819 1064.7454031245725 845.2503222182303 
DATA 1427.6099460473847 1653.3569003365053 2991.177475506949 1759.2621267111497 1483.8149443723978 
DATA 805.1207842756887 1037 167286173098 1661.2541578034725 1379.983146491278 1043.7103392055749 
DATA 678.8997110743246 806.4737901961633 1163.580487965488 980.8863687298943 917.2295648923692 
DATA 634.3126024869487 701.2931206866443 905.4992935293589 819.9103063499928 801.1357949346714 
DATA 566.1897982952249 670.6131875941672 829 847656997785 717.6098147501425 663.898623265423 
DATA 1186.1303415367518 1508.91912942696 1496.139514472456 1538.7172382119254 1220.1268872939925 
DATA 656.4792523763039 868.363867003018 1191.7191639710966 1000.6889617899304 736.7451946692026 
DATA 504.7506073086944 806.7377418032896 1192.79764094109 846.6781659034781 677.3793247417068 
DATA 470.9667910847887 789.42980918674 982.1993981036488 816.8876521766622 607.4975989396431 
DATA 505.53465009536166 704.6082135839907 904.746469115985 727.3024087546611 584.7701427036054 
DATA 1427.912048038644 1154.5194677871148 1642.747224101762 1577.1731357177018 1611.6787553481777 
DATA 686.879646913836 741.6134912964528 1121.9459873721655 1153.4128431831653 875.9531092063279 
DATA 687.2756795798796 820.4191680501733 952.70902450702 890.3139416171908 627.9653035488589 
DATA 571.5424111338333 649.1907212945995 985.399556179718 951.4763571276432 549.5392494788409 
DATA 498.4204517354456 592.5560068820627 928.125042491556 863.8997870923915 615.450179226875 
DATA 1837.754462914198 1363.5419198911238 2088.889762344421 1418.7886599615924 1732.5727664098356 
DATA 1112.5981137580948 616.2114972812967 1326.9712751127151 848.6499648139377 720.4710739968168 
DATA 822 613274609849 575.5837295687987 1114.8966300155223 855.7048684024483 667.975575950102 
DATA 812.7936308872321 526 576784615707 961.8367489446088 798.9215670077217 567.619889608583 
DATA 705.8832913363339 495.89803840032926 873.8231019698668 833.6003772533575 544.5813049479175 
DATA 1127.7217021164397 1018.8561464886708 1430.9324321556578 1481.720755454145 1344.1203141204803 
DATA 676.5074774290497 835.9718562685373 1183.165410065615 1196.543678799271 770.3560250931629 
DATA 605.8791928261596 626.8898134160283 1160.3544557569032 1093.2214582393565 665 627400326206 
DATA 577.4990022473049 520 413067287419 1041.888075266552 916.3250335894372 621.6482117634741 
DATA 546.8101618543835 556.2615748464567 943.613857500997 829.2793743720742 551.2894992164391 
DATA 1342.331685184509 1154.2108874281714 1781.4888068920325 1525.5810078079812 1249.7522173249215 
DATA 532.8573524893999 633.4201930641011 1207.469415453524 844.1650175974726 952 452248139044 
DATA 547.715235788313 608.9079063113674 1151.4461581589037 768.5662668962234 767.2396399992721 
DATA 529 750348739592 549.1930974416542 749.260871730752 794.2631647590754 676.3930360718896 
DATA 475 121013245399 533.1800093639525 730 299254898619 738 682733415005 647.8225314121273 
DATA 886 161379551822 1415.9113266877705 1935 765284423176 1526.207300698057 1131.5654107274838 
DATA 674.9078709664625 820.6461843206519 948 639605415284 819.8012933249178 596.1004415710274 
DATA 544.8904219647724 681.453619001848 885.4990769547031 614.2064947885344 638.3698823619358 
DATA 502.2056992578413 612.6404649193416 916.4255395933778 566.5317009862163 605.7013029249692 
DATA 468.48879690632754 562.6840312348011 918.7823224216752 577.1832700040633 592.442520295802 
DATA 1074.9245354418822 959.8949786932316 1832 686929323344 1271 122044055718 2048 6022764084 
DATA 572.9001080435102 616.8205181493588 871.1371082975553 799.1447994914716 616.2767551462044 
DATA 531.3242465624237 604 09646371783 694.5105327816669 615 104892039479 503.3737842375911 
DATA 516.2412733423034 631.4244246187602 653.2477001239841 540.2201248216169 501.2465658107826 
DATA 419.3551557048499 537 337408184233 623.159008311999 541.6477973486377 434.76863931632926 
DATA 929.2177861254391 1536.649996595375 1248.1750228661374 1452.8671415351066 1256 995630041282 
DATA 694.8225705765495 624.7952204186305 712.5149624546445 927.8386203754018 808.8554439041537 
DATA 606.9941924234414 554.5839818894727 632.6266699483422 691.3728668971189 645.451897549012 
DATA 538.9217343432357 466.1436512786901 564.7290101941968 655.4013894066874 606.9883593663824 
DATA 522.2462611876929 410.22432490138544 574.6566360034506 591.9746535948559 597.3818466744198 
DATA 1210.286912646245 1423.107338693053 1340.272375937555 1267.454605026896 1444.7865319177315 
DATA 583.6273553251971 631.538614703307 612.9486355579759 634 741269190919 966 470409437144 
DATA 444.82252321833545 539.1996303370162 565.1027126426831 578.9607819239552 731.982364477289 
DATA 452.8841038204126 510.34330254774113 530.2752390445108 576.3832668611016 657 414483604245 
DATA 450.7872056786705 492.2985924355257 534.300214714827 541 259510142375 609.8844584896814 
DATA 965.7516823575118 1197.6955867664587 2094.1264016839755 1630.218398333693 1147.7084708024147 
DATA 615.3963469312839 674.8072579825246 1231.1494435642687 715.6662730523555 730.5692313482068 
DATA 550.4356457136545 587.2019813736437 965.478602036692 548.8035111586585 507 051768595861 
DATA 516 315804767048 559.5163898351044 773.7790730419465 540.7361923207569 520.5160263776005 
DATA 471.5029724834964 570.5875006978804 692.8668760133727 602.8066385668569 470.36454836960166 
DATA 975.1498803963163 905.712825274254 2375.600043805401 1259.1783610880248 1304.8117583891265 
DATA 339.49833559285975 624.215962773186 1566.2895479639776 610.2294010399186 645 517431332257 
DATA 328 373632973189 477.7022340847449 1122.8199145113197 669.2618396097008 471.236639523885 
DATA 317.6433358664868 475.8969329338756 892.3026126695303 604.5948671778069 416.6222499480031 
DATA 339 7857528814657 426.339470097031 744.9871830849515 531.1619674853948 425.81374980573 
DATA 860.6800981937682 984.436035128337 3008.358682867086 1860.266320283736 1174.299914668762 
DATA 556.2058345251295 490.3064738139266 2233.869482469376 925.584452248699 597.9234082189802 
DATA 454.1050500044956 416.17422614979006 2111.331188163246 659.7668092620755 477.28094514829405 
DATA 499.8235008465497 413.6377391977833 2094.813696694001 646.1514819012806 464.67552909954026 
DATA 444.35490996314536 439 517825519429 1883.2826760485168 578.8819323255841 445.6708313018955 
DATA 844.4832756483808 1622.2081926710075 2127.4745211215804 1038.853147235906 1154.6050397733466 
DATA 512 34850629102 604.2469593417834 2247.339911437956 590.2501789811811 615.1420452373438 
DATA 457.5205454551498 567.3453029988653 2150.594681756385 551.9214658877183 452.9303680389702 
DATA 487.8734323740172 423.6520446324322 1696.4652399333047 512.562597828348 582.6313389227173 
DATA 426.3937874824569 332.2407133810951 1941 02536831396 454.6380071284556 506.1445430981094 
DATA 1135.9242142743385 1054 521178823735 2038.7590066921075 1508.1765871283353 1106.3476577527565 
DATA 461.39507254175214 517.9296742477146 942.558889585374 674.1326357457094 775.7048778828705 
DATA 394.4474657565439 494.151899922515 716.5218672674055 559.8848677441341 609.8296178761708 
DATA 415.2326375932233 429.219353022489 678 140226673567 582.624097527889 504.80014471667016 
DATA 400.2355572547948 431 267066503413 647.8298521139466 564.8123853377498 477.1176077816541 
DATA 1356 032011248684 1240.3867866004964 1387.4557069442865 1532.9917253994415 1220.134484732548 
DATA 851.2436216597752 829.7526781804121 798.2634171631053 700.5001800468896 530.6814528890369 
DATA 579.325192262278 616.3196918980702 741.7669281182149 610.7507364381062 498 491424881758 
DATA 530.2156229452482 481 3791475826137 634.1355231897678 579.6212307812448 445.5060458271388 
DATA 439.2381188631288 503.2168026774775 591.5784960710154 532.4662982700077 432.529655663696 
DATA 3239.984135970575 2892.7628322824 2608.140514512771 3459.8355732238683 3183.7349107276823 
DATA 3253 950098582757 2775.535828925679 2440.228411384724 2096.7601023544257 3157.323822757844 
DATA 2099.636912988952 1985.7566449417984 1765.3591967423058 1524.166439934838 2084.96113707988 
DATA 1666.3679482948355 1596.5345695127803 1518.9061291586615 1229.263040856069 1691.3006881769757 
DATA 1388.8626704451556 1354 31923759477 1249 907299208172 1046.8411357305035 1485.259557837333 
DATA 4618.549718992553 3105.519960182938 3212.4267783152422 4009.6321868298087 3619 2620926684 
DATA 2505.4373670498544 2798 374540535927 2131 18266738631 2371.3522860382377 2870.6760665330007 
DATA 1662 570656578054 1762.5773626278458 1545.536816813613 1594.117397898495 2055.389191131588 
DATA 1289.8897418971576 1513 766230690897 1314 043981544563 1267.4437653407183 1663.1320450161638 
DATA 1054.109197163564 1300.5107291048569 1129.6609362363893 1077.827531834065 1371.5512937819783 
DATA 3033.604919197842 3223.364317140466 4051.7230540042106 2819.2806359405345 4732.599899409196 
DATA 2089.244471645169 2247 958247235494 2525.530578499397 2882.8961199192045 3773.24052213957 
DATA 1434.9252961205798 1533 133128998011 1705.4442922038124 1771.7008814216103 2616 496185384422 
DATA 1169.8182794442334 1265.337138223132 1357.1291390133383 1444.3579901048713 2051.1093036887924 
DATA 953.2717181938408 1046 351828314233 1167.4920919551766 1239.680341788182 1711.8004815902 
DATA 3260.547253046901 2683.8064841793976 2812.534207891461 3063.2785639379044 3350.749055519174 
DATA 2088.2719769727782 2368 4534269686 2921.792798581412 2631.57196610852 2034.882435558961 
DATA 1419.196089730966 1607.3557299800154 2344.2214530804995 1730.9301430857597 1439.8273340015137 
DATA 1129.9981181886506 1310.479013396338 1738.3065659569645 1342.1920777924383 1181.9540002898382 
DATA 961.3752616806734 1124.859198496903 1350.2289066985772 1107.7172545388353 1016.2009986722996 
DATA 2816.2114105576647 2812.4714905219034 3277 403947394966 2822.39361240023 3156.757003219994 
DATA 2000.880577320288 2375.4430673280344 1937.1334845568863 2060.4720843971754 2854.197594338196 
DATA 1495.6676391746169 1616.523806501935 1508 358777128222 1399.5745405133746 1958 0430477222 
DATA 1195.8985873453605 1309.834291673115 1222.4550600294765 1126.4688848693706 1409.2373176055262 
DATA 1014.842728350824 1073.7962750998256 1020.6202380169044 944.4736784854256 1212.3633399213593 
DATA 2028 059804092923 2114.290878537972 3330.200194501504 2544.290125682647 2035.3260055845967 
DATA 1344.1697690282651 1661.4646789157073 1726.6774212473233 1900 045861244255 1323.2537685917066 
DATA 1007.3402490612068 1247.4046573036323 1149.431462197378 1174.5397239085935 1038 360919998927 
DATA 890.7953703194077 1035.5187698622435 923.164486447641 949.9816124956276 924.36321482669 
DATA 748 693903661576 858.9629027530066 805.7921591139268 792.4088564596051 778.7773993447714 
DATA 2662.7075336320745 2428.4855635567706 3370 79308707268 2254.7829296188224 2100.473973563986 
DATA 1357.3009776945607 2105.3619067661703 1579.7362057973896 1522.345009178641 1588.1303380446554 
DATA 935.4858401171324 1354.4140447297966 1216 327933503936 1026.1660815547652 1280.795565840517 
DATA 738.2717176534064 1036.5334785125426 1035.9656407184686 941.9757943637852 1070.5340432329554 
DATA 645.523984460452 876.566399998982 903.9209708382128 779.6650102722011 883.1402210533943 
DATA 2983.312284298325 3965.3166848300593 2807.826472083459 2042.6286025750396 2328.718835191796 
DATA 1703.5070643945985 1794.9721728694674 2549.415312055128 1227.251633642823 1564.5491465724626 
DATA 1226.5674893401672 1310.673769911771 1573.1558704126564 885.9441532535996 1168.9081041773682 
DATA 1049.6814503456517 1068.9425808769026 1177 20565468718 764.1855331234583 976.530083087131 
DATA 899.3227432863918 960.7529724012122 953.2627981708604 732.8088549247298 845.5983209932704 
DATA 3637.876021371363 2674 20357726633 2716 25961962855 2610.4100263969626 2753.5067202462383 
DATA 1516 473136823257 1738.875709531136 1782.7779598638565 1644.1192255584472 1601.241500709503 
DATA 1162.2676760420316 1275.379864234331 1282.8708908720623 1186.7074547991583 1147.9861775131608 
DATA 955.8348880393276 980.4445973052132 1051.399756058844 952.184745733823 921.5843117408598 
DATA 810.3371347234139 828.3598707662989 900.4403489609364 833.5436707092002 770.7434961195453 
DATA 2175.389379688634 2047.1975822318425 1902.3385283873877 3246.483586100539 2293.2553994866253 
DATA 1504.9478577965317 1520.9123012761484 1474.2525456193223 1658.146909338949 1880.5167049323804 
DATA 1197.6248234454106 1011.535841845869 1068 872038328955 1342.8753791617962 1249.7198895128454 
DATA 1066.4336016320517 848.3306544466766 866.9634277024862 1109.5139301545487 902.9725378601596 
DATA 885.203094371768 778.602861354193 747.4581619043407 960.7921198284056 759.4831492654919 
DATA 1612 045613585935 1690.372649922201 2320.65550031676 1878.6959600026307 2168.945543046157 
DATA 1006.5493512618416 1174 752762832035 1366.639284088151 1367 291333150974 1200.9286647344054 
DATA 844.8063287485501 794.3234964123324 972.4073091279122 945.5962171215116 851 259890411911 
DATA 698.8402491878627 630.1743488046396 752.1636712092846 726.4843962088278 703.502202692733 
DATA 585.1430308483623 541 940663720213 652.9485103894398 618.3601380644121 592.9025041856487 
DATA 2193 81535006233 1823.1756285335064 1907.806717445941 2179.532678715188 1655 003142736352 
DATA 1240.8077761386608 1104.7170155084084 1015.6332363754702 1265.8956904452596 1097.9492297141207 
DATA 828.1467909925368 794.9012767051937 735.2295607575537 867.1776703723482 825.1380051079276 
DATA 669.9710066754293 663 227341294503 585 341650269299 712.1539678349782 680.4800133662226 
DATA 589.3887153283896 581.7659982378476 504.8805306742996 649.2513423289723 615.8640694658416 
DATA 1860.8335807562253 1827.8840760814069 2286.9605038906566 1716.7953074602488 1652.9949785102758 
DATA 1119.2299142350437 1209.9232211465896 1198.458430523346 1017.2827689795388 1221 099122614572 
DATA 741 350351908594 857.9306701919022 861.7578117227682 784.7650029951853 857 537150711249 
DATA 606.6431769266512 703.1028641839894 701.3418303368817 656.7534270486146 660.6537602369618 
DATA 503.5548680793872 628.8022724502374 600.8414479667034 546.6975889246894 590.9383921870648 
DATA 2877.842558108745 3006.526023279552 1668.205084370085 1729.965817172993 1873.305961142487 
DATA 1225.4800499351495 1315.8354040600177 995.2170574370764 1177.765016830786 1148.8002577791551 
DATA 842.95463303859 930.4583861557896 706.1543925022049 940.7589020228596 749.9415895817285 
DATA 645.3281418213713 724.6664447818778 578.4915636350017 827.2196369885457 633.8248831326492 
DATA 527.2132403357294 628.9161097963786 483.9062840433975 693.5458447324703 561.8809272498429 
DATA 2017.9234364342503 1679 18912670978 1532.7768172495048 1917.726700002776 3467.2455361177235 
DATA 1095 59047740525 1039.74716379706 934.3260157463916 1129.8200590004571 878.7580545476238 
DATA 792.551454299657 880.1755415484255 717.957301250464 766.9205866322724 687.1384178755546 
DATA 679.6646187451913 784.5927575605364 584 649931505204 622.902880548253 615.1385571788884 
DATA 613.7916704235621 646.7769251405742 506.6880165812504 519.9713710069902 530.8526611121357 
DATA 1644.963909057965 2547.7503594674736 1313.6597712385787 1938.9519646294395 1732.2752815668157 
DATA 979.3265698994904 685 841086376522 948 955458676892 960.6028365972207 1165 71653168205 
DATA 632.2067360674829 514.6446670983721 710.7740291613487 672.7878875176709 776.7948195241837 
DATA 482.4802890393886 431 282750085784 544.5159709236237 546.7914206456387 600.3191244801493 
DATA 396.46429401384194 374.8886823083856 460.1896443907431 473.48605396430895 511.3443720753293 
DATA 1443.5857102410116 1656 796320996828 2046.708809301661 1601.2691785137515 3094.4500658291413 
DATA 1001.5222823061642 820.8227855927425 837.7441401067452 905.1256567838624 979.1922899304326 
DATA 722.1597571824789 566.3923794723552 595.1296643289027 658.1578258779311 651.3831160686279 
DATA 606.2853469536183 470.4313600508525 518.5671324132092 541.165971072295 504.6597785082655 
DATA 508.22164192085216 401 879182167191 462.23896984370657 467.5445789347931 416.119850660035 
DATA 1688 777146489745 1812.252573171165 1633.572212138937 1941 009785940092 1869.443207800224 
DATA 911.8768119522408 917.51037448648 783 671913267053 1031.9678875557183 953.1533011569882 
DATA 668.7113968273298 715 666855625852 603.6669511918036 746.1297927764726 709.2854002375738 
DATA 555.1011571756848 605.4805728504252 516.8197013479054 615.2544154999177 577.7640871735811 
DATA 510.6779881009638 510.9981102451665 456.9001780189314 548.1029269444639 497.8688805996664 
DATA 1640.667509235346 2066.718962508762 2287.1913031269955 2720.219621856804 1634.2147257830718 
DATA 805.4784223265399 867.6263672823434 935.6283579009788 1102.3771290243046 805.6104687975028 
DATA 595.6280567008847 628.1443373991242 696.277800018722 848.5090409748635 657.9124545229016 
DATA 489.162609816684 522.9366859253413 571.9679470830889 675.4015345912488 550.478437557175 
DATA 427.916120516064 447.6750810500576 479.474093134318 583.6238059020295 469 434723014711 
DATA 1686.4727132102137 1304.4294526848948 1282.554778634145 2486.49651300966 1956 745849636508 
DATA 1047.8584615875538 907.22636065751 847.1921852188318 1013.8268125282508 857.1653177980685 
DATA 865.4716115812768 679.9627802154504 673.2522171165735 669.5882258045842 600.8866248125357 
DATA 788.731818002483 532.9307060930722 577.4190607546017 542.7525078040078 483.1755340604821 
DATA 694.9529235944485 475 109592016485 516.4092839607703 476.53932246878566 407.906537907102 
DATA 1236.6139676406876 1367.7251984671286 1233.1792270969931 1722.8656208228306 1382 056711488642 
DATA 629.5011565200873 773.8924509774049 761.9700124214334 708.2392533616701 686.4625696826322 
DATA 457.86740460846994 546.6559069432079 566.3536949479092 519.3070521743929 476.77173043809887 
DATA 398.3525986169087 426.3141064270849 465.17306819252497 407.4561224484035 411.941007855769 
DATA 354.9919979337989 363.57903163265263 421.5193549454765 357.5246504055957 369.7935081579081 
DATA 1640.6049412996526 1152.867333377248 1238 86851614898 1302.772919799468 1444.625451212302 
DATA 731.4021023698479 662.3166083202234 684.7224928923908 734.8506749988492 784 922232571601 
DATA 558.500538738798 453.5961045978124 526.7607030768595 544.5661573610793 564.815799362747 
DATA 439 297002635725 375.7769298591929 450.44010509069886 485 1795247676455 458.2189505025972 
DATA 385.41384422217976 333.1637928761684 388.4967656823271 462.1913328637197 400.6507237120082 
DATA 1505.3625009873688 1704.8509723447055 1264.2624308262623 1141.3903826399296 1225.7691176207304 
DATA 921.3481950528897 667.8987579053435 601.7340799544363 654.9029287556738 665.4953885913546 
DATA 641.3253846975045 497.5995901596729 462.4501968787256 473.4750881084393 474.8121077918144 
DATA 489.3840266454863 429.641744846234 361.1878567606464 390.377519104386 365.1610059224639 
DATA 417.5179886936143 379 2141654967625 333.9942252418968 354.58028086335173 331.22670946014694 
DATA 1355.9766516498478 1168.730549331601 1505.9835527181533 1364.4715500466962 1622.9365026172077 
DATA 645 302865770799 589.4934575689862 621.21532893946 783.1680028657959 625.379693560116 
DATA 473.1409444522224 460.54994297245975 444.84884045992834 569.2567585041262 524.9202661798579 
DATA 418.94343677689386 394.4847403313384 367.3447976377885 478.9042301882276 445.1013032946061 
DATA 352.6154151843498 358.52682668866737 348.70570319250004 440.1817739455538 402.7588074647303 
DATA 1219.6827186657194 1612.2696434610668 1198.2294764329076 2496.602101057584 1341.579681683584 
DATA 622.2376469735973 898.8807361145654 565.347553385953 719.1009183543798 615 351855185273 
DATA 464.177729342963 610.3328870674101 388.44555232199775 488.6679335651313 408 961452533828 
DATA 394.788377238406 484.8588318398847 334.2069585400755 418.7920898862445 332.4096120945036 
DATA 330.6268203073775 407.5437168452324 304.66575329268073 361.7396816360884 293.1916788625797 
DATA 4338.502698028724 3285.142980315968 3241.845200914801 3183.657684410172 4367.617704670041 
DATA 3503.9257056543684 3070.1468055290898 4080.247727468378 5068.572432002306 4444.373168356188 
DATA 2424.493080848628 2048.9078653626807 2651 8338478788 3051 279422284448 3168.1162885709296 
DATA 2209.3557146224693 1622.1281346362064 1947.9319952324165 2234.8596030528165 2499.404372101952 
DATA 1799.1065946614622 1358.9335264706267 1629.5795918912113 1796.191676205977 2170.4779821799084 
DATA 3395 9452365394 2755.9301761822803 3744.857017898633 4230.775368005458 3878.253987667103 
DATA 3582.947683979728 2621.764129533534 4153 36962307567 4734 94796681306 3652.7669671886474 
DATA 2455 06316915684 1849.6280846167751 3103.6781073030625 2740.514368659088 2368.213346124383 
DATA 1934.179042834832 1462.2299102889344 2296.532543964463 2049 055107355824 1874.8026227968012 
DATA 1512.8387333608366 1170.5839463853993 1863.4483409216705 1649.123127383098 1582.9912885667873 
DATA 3439.6737554886795 5378.2800490649615 3335.935237433794 4699.533424327288 5084.322001911787 
DATA 3172.917067135982 4552.822892571789 3787.511281398983 4597.74064786876 4385.645394284086 
DATA 2223.763285635241 2635.888729617836 3034.223818153758 3078.512113253445 3129 199914041123 
DATA 1657 22288134305 1918.9114674780076 2319.1977581701567 2301.792462367251 2350.74354561665 
DATA 1370.9652897199255 1530.9337068860157 1887.735146478907 1845.489265557448 1940.250752645483 
DATA 4413.310150805455 5170.539368969476 3250.5111111111114 5525 756102102605 5069.259385897533 
DATA 3609.345843896712 4464.661796416806 3926.51287965222 4220.871026470817 4462.4842065766015 
DATA 2416.5065085850824 2897.4474678034417 2645.7208009897868 3204.240995592092 2863.3780730266967 
DATA 1893.240435973717 2186.8254278907125 1907.5992542882984 2323 087124274582 2137 199540690287 
DATA 1583.2553928495654 1736.7753571822552 1555.8000731206007 1834.979391239918 1727.9364483000224 
DATA 3027.6094925060675 4309.419030610821 3101.4055259662573 3931.1882534908486 4443.209990127261 
DATA 2648.461844854334 3497.6080185757373 2815.717954673198 4003 9774565633 4380.58538633978 
DATA 1780.2358124746054 2431.6458473007724 2023.3144241672087 2704.5385266582266 2989.8479159291933 
DATA 1371.5779528301152 1806.395955378155 1545.993658138132 2140.824136813951 2274.942591672829 
DATA 1158.9339541719517 1501.7552078130018 1252.580333291955 1732.9216547056972 1838.7663981328265 
DATA 2870.2434926423684 2286 90271880325 3373.907223185037 3831 32413052588 3560.198130090019 
DATA 1955 013105373084 1979.1417004613088 2745.4662919181405 4505 42724953475 2882.664348578787 
DATA 1352.8394180760326 1397.576245505212 1761.9287119546548 2950.984471215794 2131.2299917858763 
DATA 1035.3685543775557 1090.6506223414904 1386.2734123530397 2171.704784633389 1575.984532144287 
DATA 851.9367378002844 899.7245631911858 1148.2125297581042 1758.404607664566 1264.1723859248507 
DATA 2815.332845748224 2522.665970284045 3209.268705054147 3506.2821635477458 3220.5264791224777 
DATA 2145.2206564038524 2738.444783192077 2665.469707203072 4659.707806603057 2623.4897642727437 
DATA 1587 457096698156 1891.3186236693696 1870 530521249848 2833.692470566234 2126.3809001644936 
DATA 1202 712722261376 1423.5276892267404 1441.1422767275055 2071.634735202775 1592 066794297031 
DATA 1014.8903704103432 1147.2636150929577 1193.396675412697 1670.677392017796 1304.2670308409304 
DATA 3107 84449519461 3071.508685074866 2700.718662297157 4133.623994382158 2491 912544158205 
DATA 2274.8097496636506 2464.7534616296275 2754 08644866141 3927.765166559214 2981.4146089475657 
DATA 1480.8735364341517 1603.3768491660628 2038.4721668917268 2684 96577135768 2155.8922714155324 
DATA 1096.262916416945 1242.1530869810708 1541.2721645452625 2094.466021068077 1647.1624611882764 
DATA 967.3368810025624 1039.2410086642956 1239.2880645962648 1662.9008333023248 1304.667718838668 
DATA 2523.7523952823976 2478.252865490656 2926.62588960186 4752.14818626623 4399.782543795532 
DATA 1995.1375882587456 1875.7689140560449 2174.174271290994 4009.241987062958 2958 54852768696 
DATA 1445 772584945291 1429.8393197533792 1526.7946637152156 2491.8038124069244 1815.6057848247408 
DATA 1117.4592547906982 1200.9708758621491 1248.9837971407433 2049.372477115466 1407.9107356888276 
DATA 932.4107373878348 1002.3999412788731 1040.5804509883708 1701.7034633293492 1208.442840189609 
DATA 2634.209549750384 2200.372969296908 2314.432131447498 5010 6820060924 3167.29005363254 
DATA 1903.1853867554096 2105.3378268663705 2270.738667474716 5422.430979381247 3070.7279337947616 
DATA 1237.9065662059934 1740.9465975565229 1615.5044596500522 3097.832839417212 2074.987283062555 
DATA 980.932739600069 1311.4843939184232 1199.436665451239 2170 36770295448 1481.6529217098227 
DATA 799.8664437224278 1064.588722342183 1028.1181630486217 1666.9459777322577 1220.7025879000116 
DATA 1525.725545872723 2251.6709421527044 2240.881418115816 2782.93535741114 4084.955476590828 
DATA 1264.101604796237 1412.953662640329 1511.281022614835 2060.998467504615 2320.7260564336093 
DATA 905.482338105844 963 107937775012 1114.3152014000157 1462.9715754392848 1545.7342880634558 
DATA 724.8290172794132 760.8562853422994 878.5811367396491 1154.5838615658045 1201.7897079360298 
DATA 600.2951803963789 635.7090261417844 713.2621342660492 990.49485653993 978.7592290955936 
DATA 1913.948199677972 1769.325565098348 2705.5649550299504 2812.135697685728 2592.12395019436 
DATA 1116.6272486492485 1414.4155574814206 1593.6133306188258 2364.794163386886 2340.297340164645 
DATA 724.5331682807739 991 310101110588 1034 446106521838 1514.160855042987 1508.8771631344448 
DATA 634.4868898227793 793.2256878901699 772.9378491756705 1176.8186519209598 1203.3453100190509 
DATA 580.1594537268213 650 212103254286 641.2429215423741 953.246410155475 954.7428632907236 
DATA 1966.4889888435912 2162.8515382315604 1889.48488462924 2482.767646600582 3430.4553301110946 
DATA 1652.5025277433906 1590.480877853567 1591.6264047257398 2442.1848266233983 2409.314747688376 
DATA 1053.7343210449797 1112.5619253234067 1129.3015376158844 1525 646168016049 1585.8197920514742 
DATA 817.7812855426263 858.3000001359812 882.3831100531307 1162.319822576266 1220.6033331125116 
DATA 695.3036860432904 708.745191604093 743.8504752344352 980.7286675812968 998.1626658316104 
DATA 2240.351695505868 2201.4017862861824 2579.458569816853 2978 332301254675 2929.4574972489504 
DATA 1751.5374385833554 1365.320066700932 1813 45362419018 2115.8761415002746 1682.473448167393 
DATA 1109.348056993177 1016.8115794536624 1149.8756402731126 1582.5518913229264 1334.4259964626312 
DATA 848.5998312280647 824.7928399874743 889.669294367604 1201.73518517638 1098 06113982371 
DATA 734.2129332416276 685.4716633168798 754.3539907362403 1000.7857877175556 906.7987628390638 
DATA 2097.459705482165 2737.4200803382955 2136.587178147378 2768 289370582955 2034.5274235262173 
DATA 1389.7544751616867 1455.2024893536152 1874.660261736135 2360.1310853188284 1779.808502013185 
DATA 1019.8424055700616 1071.349755497141 1343.203299867537 1595 922085683417 1488.4526667506232 
DATA 852.8545707983436 857.62412315855 1008.1126364424892 1232.1221949768658 1156.8497169847228 
DATA 692.8533749805135 736.1977814607172 830.9877294505325 1071.1307610603533 972.3388781260926 
DATA 1352.309953854132 1898.2660963936169 1366.9461696732822 2157.624789893613 2182.6000639786703 
DATA 786.227580463027 1218.9235144164388 828.4460748890624 1394 987706542182 1480.6033832380356 
DATA 579.7153508813129 830.9069064436275 589.315489641439 941.2521731095728 1014.8681663539198 
DATA 464.6609311836388 612.8897881812183 483.5707863652208 727.78065366196 807 510671473241 
DATA 389.66602842065697 536.5888302576436 405.4332605690802 602.4259209487 674.9224995527342 
DATA 1538.8350663488409 2154.9661081651666 1873.7276095823893 2111.5526418666536 2734.3877836261263 
DATA 1000.1206163099253 1174.88496506448 1205.8084172787208 1133.826130842836 1687.63396151485 
DATA 804.5401367950619 828.3350279426758 753.6590739265101 799.1608020461197 1201.7928290625907 
DATA 648.453501166261 645.4609740010525 576.8473289836462 614.4294556677296 949.9597829030084 
DATA 563.4809921536133 539.426515335005 490 986838841762 538.2127664232854 768.6029805845179 
DATA 1320.1718589960012 1282.6351115816344 1896 20053835998 1550 216711307305 1927.373126567799 
DATA 845.7115272069358 1085.8200286953995 1288.8034251873546 1158.4298896002622 1391.825002631514 
DATA 597.2858425236622 778.8439050608816 923.6266585612672 812.3078164175813 1168.939680329393 
DATA 474.4900038819475 596.5718651737449 705.5335555429972 660.6264036734476 901.4049483227944 
DATA 394.3992507980138 495.2487271561602 599.1335063067227 574 353658900779 788.8702831462012 
DATA 1648.2716267032358 1553.2195745504075 1773.6192949321498 2253 489224675 2254 87412332509 
DATA 1119 47014727768 895.3350808541526 1265 303847868 1399.937555933098 1524.9137906332398 
DATA 812.7339639788726 619.3456393118256 857.723259670345 941.7198137819978 1076.2407570076814 
DATA 641 936356004113 501.491387780106 667.1972689370357 752.6443177038715 837.3549913042158 
DATA 546.2421936402781 433.33102624791536 566.6939815272464 636.4338710482077 699.6702234145263 
DATA 1437.4265004981753 1508.8899610727474 1615.2733166864673 2713 204543507184 2183.242560572433 
DATA 899.7344280381927 1081.453505992845 948.6202761079164 1331 612921506545 1298.7113451426146 
DATA 663.808781806578 754.6944829616531 698.2252047922802 923.851315830537 901.973509676096 
DATA 528.3088508162015 630.8770369531837 571.7514964366483 751.2770642685703 762.6642179768417 
DATA 439.4212121650007 545.7522352941274 501.7229453891161 633.1345586055762 650.2365785866756 
DATA 1008.6531915328812 1249.8482641015132 1364.8854633040692 1685.1429728534251 1655.6151250754162 
DATA 632.8737997832437 671.5069923533077 744.2407175215596 1109.482691207705 983.9120092385172 
DATA 554.4670784935839 478.38919424762463 576.1237210831902 782.8705355799876 673.2776620928361 
DATA 444.76056607714406 361.5542350709719 462.1162887788311 602.266777452898 533.4007394035553 
DATA 371.594293309903 307.84937844901503 403.77158479368296 509.9432092012767 440.5684737098049 
DATA 1226.7721816149935 1247.4669090739949 1534.3993399780095 1488 65072033511 1877.53423494592 
DATA 704.7476482066808 791.7599502295809 964.939677565775 829.5791979984357 1120.818774252796 
DATA 498.3288643882078 533.6648397808084 671.7365351902814 549.3194461453038 805.1184846732546 
DATA 410.4836265283192 414.77909410460506 543.3885889071802 433.1497961040874 652.2622448219261 
DATA 355.4189297164934 358.9664990462344 467.5347010541065 379.90426699426274 560.7285087863473 
DATA 1102.9028315564751 1227.7197740480085 2456.498193571511 1597.671935761471 1899.1306494274395 
DATA 627.4515075551238 764.6773533782841 1461.773647652405 1008.8766305431872 1363.140473023445 
DATA 533.7279571841902 530.5844867294046 1097.111151207774 794.7802869560136 979.861507509802 
DATA 445.5546059563495 412.3199838122745 1000.313829093182 725.3971429652049 776.5734845852884 
DATA 373.5158018375724 349.5102650331688 801.918575736143 601.1172807982363 655.7837134087725 
DATA 1073.770598541215 1645.501718491042 1909.4165059379104 1552.2848247352829 1812.743711389832 
DATA 504.4911335813863 728.3074684870065 1109.1016839971787 1026.6053111866584 1062.3615562475356 
DATA 356.6881700209364 515.5203908365727 912.7978134059066 742.7888089791347 695.186239897116 
DATA 281.8500180286772 444.5873388040191 692.8421113431363 603.8128330790272 556.1610958391051 
DATA 250.2772116140985 383.86689702552894 605 577816346687 507 797883479132 470 748014863912 
DATA 1273.2658810556209 1086.2025155057668 2436.716271991786 1600.58917573723 1620.3873328198908 
DATA 779.9832902295992 528.7100487502108 1481.502025241421 1095.898440270186 1125.680951386452 
DATA 613.5597342719277 384.7958310056386 934.3683561036938 720.8381488677642 894.5212012272725 
DATA 506.2129236101894 331.8482202911546 699.4316352472412 543.9663635075841 682.9962453950192 
DATA 425.7897874648023 297.5446783531988 576.6533980441983 455.4005618164841 563.7529735013833 
DATA 6007.7493077284325 9158.292178663232 7045.295715970521 7317.423840277309 7147.649816190727 
DATA 4075 68905712181 13485 97173019803 9661.276223707688 7277.968437515665 8382.438796900266 
DATA 3230.768688681571 9321 2417764109 6846.681815328301 4220 74052634066 4699.683342896234 
DATA 2661.334301688088 6162.130409820192 6162.602669703275 3587.412339139934 3518.164579292196 
DATA 2458.769381031601 4734.352998716859 4277.796827089084 2848.4734766627057 2889.27046800813 
DATA 7043.277477562602 8438.95111367598 6729.170028124508 7118.815087966058 6017.81716194092 
DATA 6160 73879258799 7299.700689325559 8221.974764355113 7825.754352292338 5937.861785715531 
DATA 4300.417800856051 4380.200125793773 5584.2494030937605 4126.187905500637 4197.628112839268 
DATA 3089.6785615223894 3469.874878143125 3953.791997229934 3135.988240041992 3240.4343861667235 
DATA 2505.7279021072354 2698.450929675337 3102 22431988411 2785.7367097912147 2745.250440684139 
DATA 6263.8031501562855 7166.542549810823 5910.883321075484 6385.894055809807 5202.30795342092 
DATA 8645.77303172579 7635.82827179037 5142.506013071498 6100.611021835159 6911.190834798671 
DATA 4095.569538228158 4678.965625140709 4051.81617675842 3957.7471502344624 4192.7968198445415 
DATA 3445.746063797703 3683 20765177466 3452 316460605363 2764.390022695364 3439.902333037315 
DATA 2665.218404494724 2930 3352001616 2881 15809063892 2254.306219394624 2723.237061227117 
DATA 5550.275134378076 6480.483655734927 4400.975807471535 8196.230018247083 7600.372317103588 
DATA 7673.825342246288 6299.7391779251175 5094.508481554317 7242.195335510561 7356.29883903976 
DATA 4136.456555486188 3933.895726644186 3169.113104693463 4857.738663114951 5146.28586335726 
DATA 2818.7768437415807 2780.549586106055 2786.480228764004 3829.75958528774 3789.3302062841863 
DATA 2365.4485904775056 2490.4567538659844 2285.1852711103047 2823.7207795931645 3097.2133240988883 
DATA 5165.541631470895 4104.32623076708 6686.603879202897 7050.749496492676 5365.419877641419 
DATA 6441.975741048848 6028.551714897256 7617.742837867161 7121.863132074882 7110.884865537121 
DATA 4461 37529978088 3765 218924074 4600 40475963309 3697.99291622466 4287.630245808895 
DATA 3171.6102356104125 2578 028805714987 3486.759948441281 2933.439983358008 2848.5636231111102 
DATA 2735.553732071968 2210.158007676507 2907.106285536251 2544 509020728714 2423.539230577065 
DATA 5298.416844030844 5742.759990070057 12541 3842571942 7663.508635183991 5350.922453319953 
DATA 5307.927549057192 4975.75020798164 10305.111406861386 4824.156348468991 6233.861509855237 
DATA 3723.178165115263 2971.5202721856085 5406.9387833207165 3157.558318976465 3983.298543671882 
DATA 2691.9604797479938 2283.8066083467106 3790.5784110238624 2571 389060273224 3310.172597025753 
DATA 2134.9995317851685 1999.3787014351767 2776 80842419611 2112.975236685642 2741.121070753283 
DATA 6545.493682059007 5231.75087287971 6944.415207213271 6012.436577437006 5625.664913428006 
DATA 5495.732617101879 4198.866027912452 5083.987727449548 5070.5434701902 6107.939751345832 
DATA 3286.618814850412 3217.228192668667 3908.506515528471 3654.1967101496375 4014.533969846826 
DATA 2418.582190004322 2238.5340685716496 2864 41541875147 2755.3724174526096 3110.4566521445263 
DATA 1903.9188976906948 1881.3840321249693 2529.3937179408317 2331.507665997466 2409.899330646108 
DATA 5799.153223093413 5453.563487583133 5806.48984838216 5513.964837448215 6748.382397974529 
DATA 5313.342430826523 6675.573893754024 5748.271460793361 4576.615309970459 6218 9495878383 
DATA 3584 93884064097 3788.152877113014 3510.690062497223 3622 35105213669 4358.654299722015 
DATA 2876.7605413496203 2951.426950895197 2748.515566702621 2751.174262912976 2702.1286559219225 
DATA 2164 56962421207 2275 9635116056 2300.761182431925 2470.2608239234446 2182.6440500856743 
DATA 6392.503929815948 6454.886388477976 6779.406758509543 5355.453766095808 6979.824137256552 
DATA 5339.822527745654 5101.153916769656 5537.658912919864 5685.473261885864 6049.990655149793 
DATA 3505 59060779136 3705.773429688777 3552.751095420105 3338.3751453571203 3560.647145645033 
DATA 2704.381114978957 2683.6290608543877 2885.516686621446 2658.320657689397 2707.1261071156355 
DATA 2280.3805102741926 2165.978728414703 2377.6987842053877 2219.1117465858474 2344.537543450212 
DATA 4855.363020212032 5091.979159405615 5143.654698924436 6223.669509480575 4210.142074828643 
DATA 5066.827950407949 5413.738934640605 5631 10361532756 5823.242624420432 4935.526997621069 
DATA 3329.755196873721 3956.7443905810105 3792.809495736926 3887.849066945445 3863.131681002452 
DATA 2755.3159213368003 2872.6955442166704 2804.506419493885 3057.991703503598 2614 595314373027 
DATA 2152 53260097732 2202 292807255128 2129.4090625186577 2497.6670282159457 2017.9367327311195 
DATA 3693.496029998728 3836.786487903827 5787.62977257588 4343.708861975365 4954.485697767735 
DATA 3453 15301652194 4529.552963508299 5183.416284733021 4285.685669569314 3839.520360252747 
DATA 2503.8728885811283 2449.7642050736117 2864.208306320937 3107.6414844353453 2805.677831390124 
DATA 1868.3592465862816 2091.866101401465 2288.2949415976536 2311.687108951519 2072.6766019566576 
DATA 1598.9655399620865 1813.176810140303 1976.153329306014 1699.7924973802014 1704.990545253777 
DATA 3604 04424022444 5588.879999473799 3965.8606751687016 4150.764208481145 3897.7755850385865 
DATA 3520.7835287741464 4471.351186955797 4041.3047177717194 4773.930064950205 4419.7090909306 
DATA 2679.429284271609 3000.7623420066766 2974.793127858524 3153.548406086069 3072.242886871913 
DATA 2006.1734787277528 2297.8963933699606 2477.739336588205 2432.574208943331 2441.584144331556 
DATA 1584.5803945749506 2040.214556271272 1958.7945630550569 1969.1965459871103 1968.8470886825808 
DATA 4131.747907577761 4352.517047001764 4442.823849845117 5615 756842131805 3830.8625052290968 
DATA 4308 0213918333 4179 5291399097 4722.483348949313 4914.133263992736 4056.534082159811 
DATA 3072.48407714457 3056.788551043825 3000.2003623589776 3308.320110699893 2887.8931795612857 
DATA 2285.808116533936 2433.7913544579874 2534.132096123531 2368.39684431685 2120 03934822113 
DATA 1866.9848948641095 2144.266422645817 1997.302002700695 1899.431688476751 1639.1762519178574 
DATA 3860.355727083481 6694.600060772035 3874.708079380736 4489.390799984633 4783.695333435587 
DATA 4110.731316948245 4406.772420892355 3994.853045414509 5058.3074564875615 4757.915558531548 
DATA 2814.70583292038 2859 33319760811 3094.151011229255 3142.285609017065 3256.593671224448 
DATA 2070.153040979979 2221.469403833967 2435.727283723801 2205.4817744410707 2596 23331333104 
DATA 1672.9088767992205 1773.360678655563 2019.8447335418464 1731.655638646122 1922.3628758142247 
DATA 5051.436505372249 4169.699947089753 3700.974664898113 4329.645560019469 4003.5858312894247 
DATA 4309.132570154822 4934.579907644402 4945.835982197908 4411.503087741922 3826.740678758066 
DATA 2856.2424872164524 2831.832361874605 3243.5842017510963 3068.974402194628 2937.6317402964582 
DATA 2100.219181454969 2400 5234775177 2539.7093822953457 2296.963917758452 2212.9091809955767 
DATA 1714.440073288224 1861.192964708935 2026.6981987659988 1821.7253694730052 1736.4907697043147 
DATA 4156.531174637522 3346.7555016458523 3640.554553623818 4530.398988975891 3640.486428722044 
DATA 3425.196738579248 3173.63113940462 3445 720812754744 4268.160524224515 3018.461406891945 
DATA 2574.4932362071186 2170.2331242119835 2543.84708156627 2537.204396166039 2141.947499595208 
DATA 1828 1971175648 1765.7934120178968 1906.7939976981384 1907.3795337327251 1677.3422734423782 
DATA 1471.3881393419654 1500.393522413218 1594.9467962269207 1544 698832004498 1335.3796305645865 
DATA 3607.722973921808 3599.2612891606645 3640.7781620530777 5150.118929800637 2949 368284826154 
DATA 3064.9050954960835 3409.365591712999 3132.5181641527365 4033.536648367274 2580.983636370368 
DATA 2215.42420127994 2328.611494186892 2279.7011413264404 2282.8544143596328 1848.761150249089 
DATA 1692.9600761194 1751.1294206228797 1686.7730054773735 1691.5610300119474 1418.9401275816003 
DATA 1354.9886826117377 1411.408661112507 1415.1515674971226 1367.5772220563033 1181.699643304535 
DATA 3275.5104153922903 3916.523451654242 4124.685950026714 3558.5872099067046 4041.267876784554 
DATA 2931.564197824296 2843.9067618199065 3432 73282956287 3601.3135106942977 4031.59657576768 
DATA 2377 246608897546 1898.439511974492 2101.570274393362 2617.955883101564 2598.8984549128 
DATA 1881 501576327572 1491 301564584358 1664 351329649268 1958.758835753002 2047.2935141641924 
DATA 1521.4930962480162 1282.6359374929614 1350.7193191991696 1554.1292156945287 1590.4000541744456 
DATA 4512.236370448266 4124.881833454197 3409.3461427306343 3657.107167845717 5236.949041557739 
DATA 4655.389711951906 3600 6109075953 3041.147586544681 3285.749380577196 3393 68812133766 
DATA 2898.575267641384 2361.9176366597885 2060 50690954021 2599.8341399255355 2368.1497891435247 
DATA 2167.4673351160177 1930.8606766403768 1540.9810827216609 1916.5529395480075 1821.5461379132068 
DATA 1766.93053220844 1586.111680998051 1214.9456061615408 1550.870168860392 1554.474216866498 
DATA 3473.1776136850563 4412.62061753339 3456 72473694908 3698.1423528597775 3642.3941841258857 
DATA 3118.448627455756 3029 37120222224 2832.618637693774 3305.7701500556764 3309 630376122517 
DATA 2436.4664746868584 2196.882174353212 2407.159372766283 2490.1113264047303 2404 31322180569 
DATA 2112.591472406995 1717.6106793839704 1901.3103202730144 1698.1262729804653 1861.805070827054 
DATA 2084.7294913895867 1485.3660240000077 1509.2604848011438 1402.452740462644 1512.8967243688962 
DATA 3330.9665764034235 3015.6400947848606 3377.2214448027653 3173 62394129249 2998.208140420275 
DATA 2717.270477749741 2969.125995397098 3114.122740355232 2549.938325777995 2511 88643691029 
DATA 1827.952857192265 1894.7071899557093 1946.3774166724304 1846.758046463334 1804 149107791372 
DATA 1347.5363608469468 1476.575539686214 1471.6153807047565 1495.800209453074 1308.646219164698 
DATA 1116.4406597457123 1196.7351696582275 1145.8219284309075 1181.2128610162035 1076.564361496744 
DATA 3955.2620766504474 2971.1564199350587 3450.8724731293246 2984 189511768813 3407 15686679797 
DATA 2935.2922110686245 2638.700359319873 3055.787255635289 2689.17412305982 2818.875900918564 
DATA 1869.5842176835172 1676.5065139614694 1978.1763315113112 1807.8711577687784 2326.66134595262 
DATA 1391.676904121508 1313.8141765013772 1571.9971996350885 1454.445664135113 1742 77955069465 
DATA 1190.299693915331 1091.2967689171355 1261.8595735220492 1122.60297237399 1406.453855955992 
DATA 3202.770062486447 4061 85530315545 3239.980972168721 3845.481613175913 2642.1718277867467 
DATA 2682.7498674029725 3421.7644294696743 3107.351626295545 2502.754346329287 2359.8028195269285 
DATA 1864.4292756121745 2776.926638017765 2136.8491288012515 1755 612398095843 1481.1349675762049 
DATA 1455.3845404154092 2468.1757991432837 1610.6023432485158 1398.2199549909978 1173 270099098634 
DATA 1122.762266496162 1919.9861381285332 1340.510720765483 1201.6328760223587 1022.8265264171124 
DATA 4019.175479093437 5600.818178001196 3019.6509828491585 2656.1988352216504 2899 04015459885 
DATA 2567.3777779320044 4516.276930163202 2396.8020297256667 2360.653658500893 2532.1213458003867 
DATA 1627.153976489614 3355.9035255004483 1628.1556061073352 1591.1200085781163 1638.6655796442833 
DATA 1255.2510443513431 2668.652527015342 1306.7867489619152 1246.2496022511018 1212 953489329456 
DATA 1044.7694391163177 2222.537889086772 1115.4669976316738 1067.218411327538 1002.9961877801408 
DATA 3452.96651964308 3517.5001986472416 3191.54279358805 3377 09165753744 3260.794454614506 
DATA 2310.3077392743958 3177.957065735956 2969.1707440138703 2992.6146257420955 1914.9221400229992 
DATA 1700.4387524505994 2755.4483611067494 1886.947871044975 2382.896910057804 1629 576593890123 
DATA 1294 217378902744 2280.2526725443986 1385.396721918722 1652.8212085408454 1317.7399005105467 
DATA 1087.9098938996335 1907.6244538997896 1211.966275211085 1320.8306306579511 1090.7555763648138 
DATA 5393.137909021655 6663.184006509279 7873.465862967803 5418.515816711147 6051.726323375679 
DATA 10111.66425373141 7720.399200252352 6521.534336883801 7226.636128948036 5340.788997078746 
DATA 6481.732198104229 5231.967202541783 3653.2611571250577 3729.6436240099015 4265.844195292252 
DATA 4223.701732491106 3894.541247174099 3059.8925637687616 2842.7466930181213 3027.8763567670726 
DATA 3458.578035065027 3088.424601828417 2666.1616988242613 2201.9442188543176 2538.486984174683 
DATA 5744.50215473791 5516.464582812808 5489.148825619415 4716.716978314208 5987.192805674795 
DATA 7249.660305071231 6848.447856500337 7727.177477081673 6107.548277325005 5663 51776789829 
DATA 4275.674698993637 3536.196708542912 3793.913660662685 4176.694745424255 4134.255385788943 
DATA 3250.3800219220584 2881.70581719353 3169.238602817956 3336.5985711218964 3073.155601853061 
DATA 2587.7064615789195 2446.465225141642 2643 822491936456 2737.1587009857385 2687.240889003081 
DATA 4731.745559195058 5636.183787852952 6136 84543296039 7080.302677466958 3638.261271543761 
DATA 5578.939778853081 6212.392262854476 7823.970014563005 5866.557267815302 3991.211611168367 
DATA 3587.497601344027 4707.2096252099 4299.988329074354 4478.102751436988 3468 12178589458 
DATA 2663.8982117633154 2955.348082858852 2998.2245175572166 3051.603902200277 2762.56877837626 
DATA 2392 48142365368 2426.967871644475 2218.919459567922 2348.8293918116738 2080.746756267424 
DATA 6076.98992026401 8189.100722667853 6802.334178987361 5783.343531327084 5996.163854420644 
DATA 5377.226627727361 5536.603381823091 7003.185146634264 7307.871742727555 4859.300026731832 
DATA 3832.309008683264 3840.7730394743 4106.631929221594 4240.6421746152655 3593.6772332914247 
DATA 2557.8590973839387 2541.157398752418 2761.9919920070583 2873.6410972335475 2691.171213506449 
DATA 2235.4073359984327 2257 5317787806 2234.159905892717 2450 323255180847 2257.4165431576826 
DATA 7711.908914452441 5368.957540838693 6029.399272877897 7316.281691773836 6884.310293536482 
DATA 6355.539511100951 5190 799545289065 5896.39497074657 5528.976724648635 4825.258647332491 
DATA 4482 22260271946 3632.546584528089 3975.3978308224064 4129.425647824354 3222.412241199242 
DATA 3089.464726138092 2765.242191632071 2774.606784462539 2884.7392323613653 2468.573764447482 
DATA 2473.654072568328 2433.2855859693364 2358.3639603942 2578.4540952161237 2056.917229131293 
DATA 4796.113240014026 5761 48969765516 5330.782200721582 4512.486369200653 5521.488041039326 
DATA 4686.49610642957 7424.851840265378 5722.435670162379 4171.940318908591 7268.3222660007 
DATA 4001.116642487602 4709.147300313414 3828.515927178898 2981.9512544776144 5448.9462226057885 
DATA 3360.2170845601 3046.2432319944446 3099.56911417348 2460.5989349526308 4111.632695558402 
DATA 2507.561274905347 2246 576987867125 2749.3465451416964 1963.4099878549007 2851.449372835388 
DATA 4804.539082492035 4724.549782850377 4513.2194939677 5021.916682044104 4494.434975862149 
DATA 4667.667789077818 5458.975019596318 5120.141677905493 5626.41215872373 4891.565826079408 
DATA 3406.1843835134127 2901.8443522115367 3404.296911562359 3398.572299629478 2954.398283184365 
DATA 2453.431878856109 2531.681603997347 2497.4057176309 2663.5134765056578 2368.406621767765 
DATA 2156.9351231960177 2080.268969871547 2225.507752470455 2147.746049135392 1919.394533585053 
DATA 5954.505302029119 6327.473681050268 4739.439786883585 4747 91726502328 4576.279605900565 
DATA 4967.44748854965 4939.548518820705 4676.625381133711 4342.113156135564 5250.449740652207 
DATA 3245.8961865264705 3325.464545411265 3254.659664547754 3103.8470124893256 3469.7232019657763 
DATA 2549.119001274148 2425.48464879044 2470.932810113457 2345.9343700986437 2404.433985247086 
DATA 2070.79417277686 2072.516230480108 1992.3464415021092 2029.484641407825 2055.2397251162697 
DATA 4409.708926044982 5815.420353376678 5544.408526792165 4878.510160469624 4609.951861680499 
DATA 6809.256783588599 4521.3313339667175 4592.455980980058 4909.224862892442 4406 69141740862 
DATA 4660.188790782748 3076.185844483865 3223.5668525912106 3023.256589064388 3231.1935672083628 
DATA 3037.5275551020995 2545.2828341720024 2713.5111731411785 2322.781179266557 2451 269240150437 
DATA 2142 8807567101 2040.3087826165568 2128.314203682152 1991.2129480253543 1997.2043437525604 
DATA 6013 557072936 5277.428946890369 5070.731637877163 4667.422222746296 5219.466554062334 
DATA 4755.231890878712 4859 66392967014 4720.899296012717 5080 2697213793 4808.936016615073 
DATA 3431 89019140269 3369.317547122656 3368.8895829940243 3353.3719430349656 3153.866441203497 
DATA 2931.355854980207 2639.637517753172 2256.5291158934792 2534.6513707889585 2394.946451295742 
DATA 2134.5342345672607 2120.2296430471124 1942 050598734445 2079.701553729964 1950.3391364490149 
DATA 4233.810228986018 3833.2255598956312 4398 293600982695 4716.117126022355 3870.636984830837 
DATA 3353.6609534543923 3478.10583709026 3722.985679795114 3861.12080247136 2978.8599798871714 
DATA 2568.380310713154 2555 88253884813 2981.159089234728 2949.651532217704 2989.8297365656285 
DATA 2021.540117261073 2157.388727979282 2497 24418041007 2487.660802756204 2490.157800695607 
DATA 1734.933837830165 1815 343910011804 2124.5683120757885 1964.8766193139743 2218 64759507304 
DATA 5962 44353429871 3749.745985635891 5458.195725067425 4441.262437557383 4840.12395683008 
DATA 4240.103692058373 3021 56482495937 5251.450512552381 3593.967269311886 4103.160092521146 
DATA 3055.459057368424 2467 895336058798 3630.605109617411 2405.6880225816285 2942.7915695406814 
DATA 2292.1349390480946 1952.95713309229 2514 231249217263 1827 38940703656 2154.263441647128 
DATA 1795.9874925151362 1696.71868708661 2063.169402534262 1610.756985774522 1844.8706574145735 
DATA 4133.59410859192 5255.229220397575 4013.202626558109 4385.205078371044 3607.510988528261 
DATA 3715.554871665984 3853.726223511111 3856.2122324394018 4182.886497115927 3056.409390141664 
DATA 2895.7709505630846 2973.692590882624 2935.228899280905 2764.5036948353813 2271.1695543274545 
DATA 2011.6620324274984 2061.3051685496766 2246.6958075842563 2196.9194185702527 2022.319884566443 
DATA 1646.1395181785697 1697.3608479413508 1856.9745418364869 1783.4403462737896 1701 128974190525 
DATA 4465.400591758923 4195.994362647215 4332.1228643722325 4406.5293529990895 5018.699340206943 
DATA 3791.606148366801 4797.15992641846 3797.53018646346 4168.5052795576585 3268.460707795766 
DATA 2712.176146945308 3143 38348712074 2822.196865481026 2882.9734309103783 2437.9331490372774 
DATA 2219.691488240719 2310.379684122641 2191.757189133781 2079.9306997872195 2018.724195386594 
DATA 1788.7568659148608 1921.4636687468503 1841 231860612364 1725.8240497742793 1890.2109578895472 
DATA 4673.405470407094 4912 31062303788 6357.646883799229 4310.288255264739 5229.212138309812 
DATA 3553.546613200702 3773.490908962468 5265.413446912467 2877.9222379630146 3885.1617801799034 
DATA 2768.8103095322463 2853.8897926205486 3793.228173970252 2450.518404529047 2555.152510452926 
DATA 2174.3308209151746 2219.89478840066 2951.900023314024 2235.7697454882464 2042.594846487226 
DATA 1956.9068788697236 1799.707100514319 2472.401293805107 1950.2409251298525 1671.9571067358004 
DATA 3891.980739526261 3548.343905900934 3963.5826231634505 4009.812622393705 3797.180728008691 
DATA 3275.2813363537657 2573 1173454434 4089.874851398906 2953.927359762176 3005.534987066497 
DATA 2510.303019306706 2114.8412161123624 3108.795480139647 2404 60495291359 2429.962479112243 
DATA 2037.3292082090484 1771.6232363534198 2490 618392677475 1879.966354430286 1796.4394948489032 
DATA 1640.5063253259398 1532.311973592201 2212.19861809856 1609.2029676451584 1451.1714595220826 
DATA 3799.6000938751113 3919.221343534578 4693.218399954104 3520.1634811127 3358.233700288977 
DATA 3002.3084669603863 3307.830660252427 4101.17524820141 2911.9616512934967 2813.4061927167686 
DATA 2385.8594830441148 2549.364416806111 3069.6690234143457 2220 308309682764 2379.8759127211856 
DATA 1830.630426315332 2026.2629016492824 2622.973518136672 1648.6956244303328 2042.6304488821856 
DATA 1514.7834320546124 1704.893245222004 2024.1528159633292 1451 10672766541 1700.845892686953 
DATA 4525.371227581015 3452 49870544683 4821.425939268396 3675.469615568641 3422.324826060509 
DATA 2749.494325613797 3051.86362863118 4956.823786434585 2875.504834121788 3006.344348456088 
DATA 2290.281090484018 2373.207955846651 3327.111079428567 2321.3404406662594 2373.555191019744 
DATA 1926.7041145212256 1726.9676247004377 2600.141336037578 1957.1648767135844 2063.352574921409 
DATA 1605.8021818671805 1553.6545148703235 2201.7045538624016 1632.4684808989616 1737.9153424359288 
DATA 3274.967953842871 3931.81276183286 4287.474746046456 3646.315617368417 3385.3335187502284 
DATA 2723.309412393436 2732.325562857467 4751.510669217556 2857.7780259927563 2985.979276208084 
DATA 2195.2985138403906 2349.3164241750683 3373.864786402009 2194.443146688357 2318.9373505228677 
DATA 1820.4204421067768 1963.47579125012 2464.488653014487 1671.882361641782 2043.6596451542557 
DATA 1556.3224624652134 1582 395928211726 2209.465066018016 1579.6996735098344 1561.862440844592 
DATA 3390.66517972064 3676.707009498549 3688.210556225806 3736.137550086712 3688.318683196266 
DATA 2962.2269656135445 2674.3474390952424 2988.616281530933 2731.6429974760104 2616.1285015204203 
DATA 2449.6310309593914 2201.765167153861 2382.1208383921403 2339.9907333140327 2076.3341103824328 
DATA 1966.308162019253 1930.7712513386407 2009 196758162715 1828.6548573920184 1718.438924286177 
DATA 1577.5819400669131 1483.181955503734 1610.142462427449 1461.6704139810352 1462.916924804476 
DATA 2850.8631728367573 3198.791602957654 3347.290613475503 3564.545167455474 3562.928868827848 
DATA 2256.155462240123 2677.7325231966456 2493.9755925258114 2680.944557996974 2700 83832939001 
DATA 1935.74001942789 1902.581527627961 2082.441892544375 1937.3189458838808 2035.3144178735167 
DATA 1586.8939482038038 1555.4115282593395 1861.711493478721 1708.130248890314 1768.5635562173031 
DATA 1431.4235777104957 1344.5219138290445 1606.4331047280753 1547.1542160304582 1518.7812614707022 
DATA 3375 8812775616 3374.44622715646 3376.428083589902 3347 481198829148 3329 86606378794 
DATA 2762.61821057891 2771.7252664605267 2555.8439662291785 2575.4831791338 2607.8356822848978 
DATA 1994.4834407896983 2017.4074456402343 2052.9796091588587 2169.856263792832 2047.208324241268 
DATA 1660.5365490738125 1511.4961078228632 1761.7072629341803 1607 643354489769 1730.6387672035585 
DATA 1438.2527544944564 1300.2464264602231 1446.786644549145 1375.621717796754 1481.1045872741022 
DATA 2894.5890518669853 3108.381670072165 3148.828650043544 3312.2702323226613 3160.423054885058 
DATA 2498.871127562644 2738.926267894912 2754.778722912128 2687.451498676669 2417.535381209052 
DATA 1943 693790847 2224.634870114849 2087.7357065054885 2196.468768978518 1985.2946103429588 
DATA 1644.9803761463377 1806.101304794713 1825.904510245331 1599.250575532564 1804.9332931906715 
DATA 1346.1307783715413 1579.4254711177286 1581.8018975180896 1449.704978669257 1476.1693380062454 
DATA 3006.8635310173704 2887.771220754345 3391.426250191111 3666.935610425085 2595.5447687120177 
DATA 2491.711839735204 2277.5323368269314 2159.2683393245347 2488.1332901899946 1837.3244875980408 
DATA 1916.486966916931 1957.80719781545 1920.3283994806056 1973 013199089597 1590.3383772377056 
DATA 1674.4894420608666 1691.8809507563512 1646.3356884173747 1712 43248550961 1480.1540746743158 
DATA 1385.6440374618417 1327.2697687751945 1397.6502786644949 1451.9053978556155 1283.1706829680545 
DATA 3335 280018047324 3535.466252333019 3363.444807633076 3724.3089887250426 3379 81472416056 
DATA 2240.7073961098586 2295.224383772747 2796.405976658454 2817.8945390491526 2279.987751952072 
DATA 1700.761818084344 2065.100959583679 2100.5384956068783 2063.66827995368 1944.9857551048149 
DATA 1402.7373174906577 1706.5825471476214 1843.676893296681 1592.5060274281514 1609.4683139242509 
DATA 1252 35358941694 1417.3958038126652 1521 728007435885 1380.8012302598493 1410.148700331572 