PARAMETER cpu_limit
PARAMETER memory_limit
PARAMETER number_of_pods

POINTS ( 200 200 1 ) ( 200 200 2 ) ( 200 200 3 ) ( 200 200 4 ) ( 200 200 5 ) 
POINTS ( 200 400 1 ) ( 200 400 2 ) ( 200 400 3 ) ( 200 400 4 ) ( 200 400 5 ) 
POINTS ( 200 600 1 ) ( 200 600 2 ) ( 200 600 3 ) ( 200 600 4 ) ( 200 600 5 ) 
POINTS ( 200 800 1 ) ( 200 800 2 ) ( 200 800 3 ) ( 200 800 4 ) ( 200 800 5 ) 
POINTS ( 200 1000 1 ) ( 200 1000 2 ) ( 200 1000 3 ) ( 200 1000 4 ) ( 200 1000 5 ) 
POINTS ( 400 200 1 ) ( 400 200 2 ) ( 400 200 3 ) ( 400 200 4 ) ( 400 200 5 ) 
POINTS ( 400 400 1 ) ( 400 400 2 ) ( 400 400 3 ) ( 400 400 4 ) ( 400 400 5 ) 
POINTS ( 400 600 1 ) ( 400 600 2 ) ( 400 600 3 ) ( 400 600 4 ) ( 400 600 5 ) 
POINTS ( 400 800 1 ) ( 400 800 2 ) ( 400 800 3 ) ( 400 800 4 ) ( 400 800 5 ) 
POINTS ( 400 1000 1 ) ( 400 1000 2 ) ( 400 1000 3 ) ( 400 1000 4 ) ( 400 1000 5 ) 
POINTS ( 600 200 1 ) ( 600 200 2 ) ( 600 200 3 ) ( 600 200 4 ) ( 600 200 5 ) 
POINTS ( 600 400 1 ) ( 600 400 2 ) ( 600 400 3 ) ( 600 400 4 ) ( 600 400 5 ) 
POINTS ( 600 600 1 ) ( 600 600 2 ) ( 600 600 3 ) ( 600 600 4 ) ( 600 600 5 ) 
POINTS ( 600 800 1 ) ( 600 800 2 ) ( 600 800 3 ) ( 600 800 4 ) ( 600 800 5 ) 
POINTS ( 600 1000 1 ) ( 600 1000 2 ) ( 600 1000 3 ) ( 600 1000 4 ) ( 600 1000 5 ) 
POINTS ( 800 200 1 ) ( 800 200 2 ) ( 800 200 3 ) ( 800 200 4 ) ( 800 200 5 ) 
POINTS ( 800 400 1 ) ( 800 400 2 ) ( 800 400 3 ) ( 800 400 4 ) ( 800 400 5 ) 
POINTS ( 800 600 1 ) ( 800 600 2 ) ( 800 600 3 ) ( 800 600 4 ) ( 800 600 5 ) 
POINTS ( 800 800 1 ) ( 800 800 2 ) ( 800 800 3 ) ( 800 800 4 ) ( 800 800 5 ) 
POINTS ( 800 1000 1 ) ( 800 1000 2 ) ( 800 1000 3 ) ( 800 1000 4 ) ( 800 1000 5 ) 
POINTS ( 1000 200 1 ) ( 1000 200 2 ) ( 1000 200 3 ) ( 1000 200 4 ) ( 1000 200 5 ) 
POINTS ( 1000 400 1 ) ( 1000 400 2 ) ( 1000 400 3 ) ( 1000 400 4 ) ( 1000 400 5 ) 
POINTS ( 1000 600 1 ) ( 1000 600 2 ) ( 1000 600 3 ) ( 1000 600 4 ) ( 1000 600 5 ) 
POINTS ( 1000 800 1 ) ( 1000 800 2 ) ( 1000 800 3 ) ( 1000 800 4 ) ( 1000 800 5 ) 
POINTS ( 1000 1000 1 ) ( 1000 1000 2 ) ( 1000 1000 3 ) ( 1000 1000 4 ) ( 1000 1000 5 ) 

REGION Test
METRIC average_response_time_ms
DATA 5.955228395683903 
DATA 5.96577831617291 
DATA 5.939812481092613 
DATA 5.998377611032517 
DATA 6.019332519333574 
DATA 6.020016256855754 
DATA 6.023811946677142 
DATA 6.007409663010873 
DATA 6.007414931438389 
DATA 6.011406456868392 
DATA 5.644591611478476 
DATA 6.050495757944021 
DATA 6.0742675681233855 
DATA 6.05358057576142 
DATA 6.046606704825304 
DATA 6.038185913188124 
DATA 6.005707297185623 
DATA 5.9776270500107245 
DATA 5.989688637281182 
DATA 5.981720320910111 
DATA 5.986106885713094 
DATA 6.69202121656644 
DATA 6.010985657613399 
DATA 6.055095573956408 
DATA 6.05517453168169 
DATA 6.093018480493327 
DATA 6.040622122177415 
DATA 6.076116303214471 
DATA 5.648914810212203 
DATA 5.9259555733449325 
DATA 5.8141523341526575 
DATA 5.710717397618432 
DATA 6.647846136544182 
DATA 5.834465111702644 
DATA 5.825854383357908 
DATA 5.788525553161238 
DATA 6.622586764870934 
DATA 5.824525145161535 
DATA 6.60400806090228 
DATA 5.71229050278982 
DATA 5.912629150365335 
DATA 5.7691856486473325 
DATA 5.892436639393706 
DATA 5.800984251967261 
DATA 5.802852926709016 
DATA 5.810366873216608 
DATA 5.8312992125990615 
DATA 5.6128112526112375 
DATA 5.8295611100167966 
DATA 5.820560932256329 
DATA 5.835997631734019 
DATA 5.795789887857749 
DATA 5.830518518517765 
DATA 5.840714074366762 
DATA 5.796125098347528 
DATA 5.860789551796563 
DATA 5.868977093209716 
DATA 5.805038874128051 
DATA 5.897107068296998 
DATA 5.873450361994872 
DATA 5.913567939387486 
DATA 5.812820007876028 
DATA 5.872694646594068 
DATA 5.840114556585808 
DATA 5.834025306443779 
DATA 5.840023729483774 
DATA 5.899293462038845 
DATA 5.844420282692199 
DATA 5.904757155679154 
DATA 5.849782866167362 
DATA 5.86005744280424 
DATA 5.872120730740872 
DATA 5.854203935597723 
DATA 5.843158624790756 
DATA 5.879765104010476 
DATA 5.891878425512887 
DATA 5.90172948115673 
DATA 5.912973892169933 
DATA 5.874504361616563 
DATA 5.925304573597261 
DATA 5.663693901036167 
DATA 5.893638170973518 
DATA 5.862846360115512 
DATA 5.890992427262884 
DATA 5.885671641788676 
DATA 5.8839383391333575 
DATA 5.911896913395376 
DATA 5.885029940119836 
DATA 5.9140429785069335 
DATA 5.925726265348198 
DATA 5.900919816037584 
DATA 6.649069715310912 
DATA 5.8933746377527 
DATA 5.889920159677716 
DATA 5.912743628185104 
DATA 5.888922185596362 
DATA 5.902932960892612 
DATA 5.9048763392397134 
DATA 5.905466173676744 
DATA 5.928470966444434 
DATA 5.90556779491342 
DATA 5.9165916591691765 
DATA 5.634966103313921 
DATA 5.911317736450527 
DATA 5.8985637342875 
DATA 5.910655327663582 
DATA 5.895508982035597 
DATA 5.927743353988527 
DATA 5.953479045516626 
DATA 5.960105039892614 
DATA 5.9274185463663 
DATA 5.964059833351105 
DATA 5.959041964371553 
DATA 5.852763769405925 
DATA 5.94768085320542 
DATA 5.944170109848417 
DATA 5.984582829505293 
DATA 5.958387909317946 
DATA 5.971619028381706 
DATA 5.9642785065553365 
DATA 6.008547008545126 
DATA 5.968756319513461 
DATA 5.961433893869288 
DATA 5.966909532482213 
DATA 5.833481218573118 
