PARAMETER cpu_limit
PARAMETER memory_limit
PARAMETER number_of_pods

POINTS ( 200 200 1 ) ( 200 200 2 ) ( 200 200 3 ) ( 200 200 4 ) ( 200 200 5 ) 
POINTS ( 200 400 1 ) ( 200 400 2 ) ( 200 400 3 ) ( 200 400 4 ) ( 200 400 5 ) 
POINTS ( 200 600 1 ) ( 200 600 2 ) ( 200 600 3 ) ( 200 600 4 ) ( 200 600 5 ) 
POINTS ( 200 800 1 ) ( 200 800 2 ) ( 200 800 3 ) ( 200 800 4 ) ( 200 800 5 ) 
POINTS ( 200 1000 1 ) ( 200 1000 2 ) ( 200 1000 3 ) ( 200 1000 4 ) ( 200 1000 5 ) 
POINTS ( 400 200 1 ) ( 400 200 2 ) ( 400 200 3 ) ( 400 200 4 ) ( 400 200 5 ) 
POINTS ( 400 400 1 ) ( 400 400 2 ) ( 400 400 3 ) ( 400 400 4 ) ( 400 400 5 ) 
POINTS ( 400 600 1 ) ( 400 600 2 ) ( 400 600 3 ) ( 400 600 4 ) ( 400 600 5 ) 
POINTS ( 400 800 1 ) ( 400 800 2 ) ( 400 800 3 ) ( 400 800 4 ) ( 400 800 5 ) 
POINTS ( 400 1000 1 ) ( 400 1000 2 ) ( 400 1000 3 ) ( 400 1000 4 ) ( 400 1000 5 ) 
POINTS ( 600 200 1 ) ( 600 200 2 ) ( 600 200 3 ) ( 600 200 4 ) ( 600 200 5 ) 
POINTS ( 600 400 1 ) ( 600 400 2 ) ( 600 400 3 ) ( 600 400 4 ) ( 600 400 5 ) 
POINTS ( 600 600 1 ) ( 600 600 2 ) ( 600 600 3 ) ( 600 600 4 ) ( 600 600 5 ) 
POINTS ( 600 800 1 ) ( 600 800 2 ) ( 600 800 3 ) ( 600 800 4 ) ( 600 800 5 ) 
POINTS ( 600 1000 1 ) ( 600 1000 2 ) ( 600 1000 3 ) ( 600 1000 4 ) ( 600 1000 5 ) 
POINTS ( 800 200 1 ) ( 800 200 2 ) ( 800 200 3 ) ( 800 200 4 ) ( 800 200 5 ) 
POINTS ( 800 400 1 ) ( 800 400 2 ) ( 800 400 3 ) ( 800 400 4 ) ( 800 400 5 ) 
POINTS ( 800 600 1 ) ( 800 600 2 ) ( 800 600 3 ) ( 800 600 4 ) ( 800 600 5 ) 
POINTS ( 800 800 1 ) ( 800 800 2 ) ( 800 800 3 ) ( 800 800 4 ) ( 800 800 5 ) 
POINTS ( 800 1000 1 ) ( 800 1000 2 ) ( 800 1000 3 ) ( 800 1000 4 ) ( 800 1000 5 ) 
POINTS ( 1000 200 1 ) ( 1000 200 2 ) ( 1000 200 3 ) ( 1000 200 4 ) ( 1000 200 5 ) 
POINTS ( 1000 400 1 ) ( 1000 400 2 ) ( 1000 400 3 ) ( 1000 400 4 ) ( 1000 400 5 ) 
POINTS ( 1000 600 1 ) ( 1000 600 2 ) ( 1000 600 3 ) ( 1000 600 4 ) ( 1000 600 5 ) 
POINTS ( 1000 800 1 ) ( 1000 800 2 ) ( 1000 800 3 ) ( 1000 800 4 ) ( 1000 800 5 ) 
POINTS ( 1000 1000 1 ) ( 1000 1000 2 ) ( 1000 1000 3 ) ( 1000 1000 4 ) ( 1000 1000 5 ) 

REGION Test
METRIC memory_usage
DATA 0.0 
DATA 0.08820122080612651 
DATA 0.034701314042705704 
DATA 0.014344242656983268 
DATA 0.19071192828798333 
DATA 0.23778479522212803 
DATA 0.20952411968828202 
DATA 0.08078518681408142 
DATA 0.09572835498499319 
DATA 0.07629131576035901 
DATA 0.08221474895049477 
DATA 0.06487197701882273 
DATA 0.05758941209848612 
DATA 0.05431188734247983 
DATA 0.05085385441183034 
DATA 0.07274641754047355 
DATA 0.06865298282842744 
DATA 0.05123153947974565 
DATA 0.045223581971189974 
DATA 0.007827365338652591 
DATA 0.02954267667590883 
DATA 0.04288506505904516 
DATA 0.04678273505679697 
DATA 0.05925185973612347 
DATA 0.04468646565824689 
DATA 0.0076549729798807125 
DATA 0.05809589332032558 
DATA 0.053589291956199075 
DATA 0.030559969479409897 
DATA 0.03151991352762479 
DATA 0.06747400238070797 
DATA 0.06024553457156885 
DATA 0.04836036995170264 
DATA 0.03702003142337404 
DATA 0.059621318413666635 
DATA 0.0444347783702902 
DATA 0.04042328165175113 
DATA 0.1706645171659683 
DATA 0.03214049846478827 
DATA 0.03854761344741658 
DATA 0.03974616487042908 
DATA 0.038162338414058715 
DATA 0.03917997952397964 
DATA 0.021942775498910348 
DATA 0.04091525506220834 
DATA 0.2495814950260491 
DATA 0.2846315109474425 
DATA 0.16886504244523387 
DATA 0.15371960560714534 
DATA 0.17955862915422421 
DATA 0.10129517757903969 
DATA 0.15266303291872607 
DATA 0.0274437978638922 
DATA 0.06535400690670402 
DATA 0.088812014713486 
DATA 0.05771870539588497 
DATA 0.06244534774034043 
DATA 0.04970771356473466 
DATA 0.025279027086996846 
DATA 0.2339302480237079 
DATA 0.06372379176425395 
DATA 0.04217334158278253 
DATA 0.034134352812670674 
DATA 0.03326620734997509 
DATA 0.024317155100842786 
DATA 0.030982482499541143 
DATA 0.02214908900373819 
DATA 0.0385586858888175 
DATA 0.03022580509554151 
DATA 0.0406246925893647 
DATA 0.15356075595009325 
DATA 0.024314824834277802 
DATA 0.034647180328112356 
DATA 0.21031823518797518 
DATA 0.1283744113577893 
DATA 0.1451640267241274 
DATA 0.10775020787734861 
DATA 0.17204636596525363 
DATA 0.08313416404155553 
DATA 0.0656340106076997 
DATA 0.0549772827500104 
DATA 0.11586970181183993 
DATA 0.09525823799893322 
DATA 0.06105424100997844 
DATA 0.05508235295765752 
DATA 0.06725045003087286 
DATA 0.032504125562334125 
DATA 0.05266649723474967 
DATA 0.03537598698218916 
DATA 0.040664569090492715 
DATA 0.0566482703767506 
DATA 0.017105617468569183 
DATA 0.036872156706672564 
DATA 0.037139249039623665 
DATA 0.030610694638743077 
DATA 0.02980806394069729 
DATA 0.05242280548905484 
DATA 0.017165016427091583 
DATA 0.03231672871871941 
DATA 0.02249231142694589 
DATA 0.1822604160150815 
DATA 0.22699424160111448 
DATA 0.18548419816320064 
DATA 0.054042799580363336 
DATA 0.15072929881869682 
DATA 0.07713707679984469 
DATA 0.048854441516969736 
DATA 0.1069301113122311 
DATA 0.06791711288101215 
DATA 0.07423730446791464 
DATA 0.08180576859059385 
DATA 0.0665597891743521 
DATA 0.03844319862827652 
DATA 0.03274006656320333 
DATA 0.06822588756728375 
DATA 0.03740741651731412 
DATA 0.06334982246293923 
DATA 0.03287451751912299 
DATA 0.057260736829456794 
DATA 0.02790637266684116 
DATA 0.029310857364720177 
DATA 0.02158458976955726 
DATA 0.04630720172092113 
DATA 0.048449730522641496 
DATA 0.04866632037495681 
