PARAMETER cpu_limit
PARAMETER memory_limit
PARAMETER number_of_pods

POINTS ( 200 200 1 ) ( 200 200 2 ) ( 200 200 3 ) ( 200 200 4 ) ( 200 200 5 ) 
POINTS ( 200 400 1 ) ( 200 400 2 ) ( 200 400 3 ) ( 200 400 4 ) ( 200 400 5 ) 
POINTS ( 200 600 1 ) ( 200 600 2 ) ( 200 600 3 ) ( 200 600 4 ) ( 200 600 5 ) 
POINTS ( 200 800 1 ) ( 200 800 2 ) ( 200 800 3 ) ( 200 800 4 ) ( 200 800 5 ) 
POINTS ( 200 1000 1 ) ( 200 1000 2 ) ( 200 1000 3 ) ( 200 1000 4 ) ( 200 1000 5 ) 
POINTS ( 400 200 1 ) ( 400 200 2 ) ( 400 200 3 ) ( 400 200 4 ) ( 400 200 5 ) 
POINTS ( 400 400 1 ) ( 400 400 2 ) ( 400 400 3 ) ( 400 400 4 ) ( 400 400 5 ) 
POINTS ( 400 600 1 ) ( 400 600 2 ) ( 400 600 3 ) ( 400 600 4 ) ( 400 600 5 ) 
POINTS ( 400 800 1 ) ( 400 800 2 ) ( 400 800 3 ) ( 400 800 4 ) ( 400 800 5 ) 
POINTS ( 400 1000 1 ) ( 400 1000 2 ) ( 400 1000 3 ) ( 400 1000 4 ) ( 400 1000 5 ) 
POINTS ( 600 200 1 ) ( 600 200 2 ) ( 600 200 3 ) ( 600 200 4 ) ( 600 200 5 ) 
POINTS ( 600 400 1 ) ( 600 400 2 ) ( 600 400 3 ) ( 600 400 4 ) ( 600 400 5 ) 
POINTS ( 600 600 1 ) ( 600 600 2 ) ( 600 600 3 ) ( 600 600 4 ) ( 600 600 5 ) 
POINTS ( 600 800 1 ) ( 600 800 2 ) ( 600 800 3 ) ( 600 800 4 ) ( 600 800 5 ) 
POINTS ( 600 1000 1 ) ( 600 1000 2 ) ( 600 1000 3 ) ( 600 1000 4 ) ( 600 1000 5 ) 
POINTS ( 800 200 1 ) ( 800 200 2 ) ( 800 200 3 ) ( 800 200 4 ) ( 800 200 5 ) 
POINTS ( 800 400 1 ) ( 800 400 2 ) ( 800 400 3 ) ( 800 400 4 ) ( 800 400 5 ) 
POINTS ( 800 600 1 ) ( 800 600 2 ) ( 800 600 3 ) ( 800 600 4 ) ( 800 600 5 ) 
POINTS ( 800 800 1 ) ( 800 800 2 ) ( 800 800 3 ) ( 800 800 4 ) ( 800 800 5 ) 
POINTS ( 800 1000 1 ) ( 800 1000 2 ) ( 800 1000 3 ) ( 800 1000 4 ) ( 800 1000 5 ) 
POINTS ( 1000 200 1 ) ( 1000 200 2 ) ( 1000 200 3 ) ( 1000 200 4 ) ( 1000 200 5 ) 
POINTS ( 1000 400 1 ) ( 1000 400 2 ) ( 1000 400 3 ) ( 1000 400 4 ) ( 1000 400 5 ) 
POINTS ( 1000 600 1 ) ( 1000 600 2 ) ( 1000 600 3 ) ( 1000 600 4 ) ( 1000 600 5 ) 
POINTS ( 1000 800 1 ) ( 1000 800 2 ) ( 1000 800 3 ) ( 1000 800 4 ) ( 1000 800 5 ) 
POINTS ( 1000 1000 1 ) ( 1000 1000 2 ) ( 1000 1000 3 ) ( 1000 1000 4 ) ( 1000 1000 5 ) 

REGION Test
METRIC cpu_usage
DATA 0.049215568466125 
DATA 13.700824249625537 
DATA 2.655449931951276 
DATA 2.6302608556717866 
DATA 3.3106394255141005 
DATA 8.17747787832441 
DATA 2.411416164436693 
DATA 2.691873363719508 
DATA 2.017002437454476 
DATA 3.7704363710996267 
DATA 2.5622885853235093 
DATA 3.329894304438515 
DATA 12.00405076684137 
DATA 2.104187778106249 
DATA 2.144989272041644 
DATA 4.689131352752208 
DATA 4.339996140760015 
DATA 2.2366303143054402 
DATA 1.9183755973620886 
DATA 1.9905930652091632 
DATA 3.539141764710587 
DATA 3.1077226222098724 
DATA 2.6677276128265652 
DATA 43.68816598438783 
DATA 2.2907891512702245 
DATA 2.310553293918806 
DATA 8.465769842428745 
DATA 3.507553055037165 
DATA 3.52546754832806 
DATA 2.376581202084126 
DATA 32.74955723747732 
DATA 20.741518885492955 
DATA 12.948214281923478 
DATA 11.608909439089594 
DATA 44.84558827303158 
DATA 24.501310804171226 
DATA 14.706064393964827 
DATA 46.58922744246098 
DATA 10.476255743944716 
DATA 11.245672704909458 
DATA 53.85807411438468 
DATA 25.45167160246239 
DATA 20.04940603866269 
DATA 13.729810282868812 
DATA 8.49006887451745 
DATA 20.0160636767432 
DATA 14.148310877374392 
DATA 8.046083546366484 
DATA 29.540692366242055 
DATA 6.086196461371207 
DATA 5.42076088991289 
DATA 25.833244615558577 
DATA 9.159291734143366 
DATA 9.524097607276058 
DATA 6.20765746365762 
DATA 6.177039936043968 
DATA 12.4192820188559 
DATA 9.588667974124425 
DATA 6.916395330355709 
DATA 18.375941277243832 
DATA 7.3112321466836505 
DATA 5.713976261546594 
DATA 27.34129097351173 
DATA 11.011134702985057 
DATA 7.91101230786551 
DATA 5.7217901319870705 
DATA 5.030513196667993 
DATA 13.517603984297095 
DATA 14.998362801051865 
DATA 7.962653519949886 
DATA 16.0034804820918 
DATA 5.935871945652833 
DATA 4.471011721593895 
DATA 0.7779479929720916 
DATA 7.735996217298691 
DATA 5.727950017233663 
DATA 3.6864143816891564 
DATA 3.827625920140961 
DATA 8.24280175726926 
DATA 8.688551034412331 
DATA 3.7447845398660555 
DATA 10.842225330159913 
DATA 4.537876234367782 
DATA 3.3144413736338496 
DATA 12.44385515984359 
DATA 10.201788928360214 
DATA 5.654096950953318 
DATA 4.171657517513726 
DATA 3.426438025825634 
DATA 5.951591569594123 
DATA 5.845272310738873 
DATA 3.467929776791856 
DATA 32.29366018827036 
DATA 3.5521268280069704 
DATA 4.197944054045344 
DATA 17.73249765109222 
DATA 7.484896567426453 
DATA 4.71091206133024 
DATA 2.9955811241921886 
DATA 4.19783547153643 
DATA 0.17846282849042916 
DATA 6.353898685902664 
DATA 2.728218327105118 
DATA 30.56714411949757 
DATA 2.601027483477137 
DATA 2.1154337426189005 
DATA 4.651044537781175 
DATA 3.390423593167491 
DATA 3.8463267667452588 
DATA 2.873989382619122 
DATA 2.5738056519235872 
DATA 6.656478526603905 
DATA 2.400012672941967 
DATA 3.5552376196323974 
DATA 18.68738003163109 
DATA 2.6085279793657197 
DATA 1.9714701289988998 
DATA 13.97185264423754 
DATA 4.520032580307349 
DATA 2.731698549986634 
DATA 2.3213267995106603 
DATA 3.3297131924629415 
DATA 4.712227968251255 
DATA 3.974637913965462 
DATA 3.5784244909028367 
