PARAMETER cpu_limit
PARAMETER memory_limit
PARAMETER number_of_pods

POINTS ( 200 200 1 ) ( 200 200 2 ) ( 200 200 3 ) ( 200 200 4 ) ( 200 200 5 ) 
POINTS ( 200 400 1 ) ( 200 400 2 ) ( 200 400 3 ) ( 200 400 4 ) ( 200 400 5 ) 
POINTS ( 200 600 1 ) ( 200 600 2 ) ( 200 600 3 ) ( 200 600 4 ) ( 200 600 5 ) 
POINTS ( 200 800 1 ) ( 200 800 2 ) ( 200 800 3 ) ( 200 800 4 ) ( 200 800 5 ) 
POINTS ( 200 1000 1 ) ( 200 1000 2 ) ( 200 1000 3 ) ( 200 1000 4 ) ( 200 1000 5 ) 
POINTS ( 400 200 1 ) ( 400 200 2 ) ( 400 200 3 ) ( 400 200 4 ) ( 400 200 5 ) 
POINTS ( 400 400 1 ) ( 400 400 2 ) ( 400 400 3 ) ( 400 400 4 ) ( 400 400 5 ) 
POINTS ( 400 600 1 ) ( 400 600 2 ) ( 400 600 3 ) ( 400 600 4 ) ( 400 600 5 ) 
POINTS ( 400 800 1 ) ( 400 800 2 ) ( 400 800 3 ) ( 400 800 4 ) ( 400 800 5 ) 
POINTS ( 400 1000 1 ) ( 400 1000 2 ) ( 400 1000 3 ) ( 400 1000 4 ) ( 400 1000 5 ) 
POINTS ( 600 200 1 ) ( 600 200 2 ) ( 600 200 3 ) ( 600 200 4 ) ( 600 200 5 ) 
POINTS ( 600 400 1 ) ( 600 400 2 ) ( 600 400 3 ) ( 600 400 4 ) ( 600 400 5 ) 
POINTS ( 600 600 1 ) ( 600 600 2 ) ( 600 600 3 ) ( 600 600 4 ) ( 600 600 5 ) 
POINTS ( 600 800 1 ) ( 600 800 2 ) ( 600 800 3 ) ( 600 800 4 ) ( 600 800 5 ) 
POINTS ( 600 1000 1 ) ( 600 1000 2 ) ( 600 1000 3 ) ( 600 1000 4 ) ( 600 1000 5 ) 
POINTS ( 800 200 1 ) ( 800 200 2 ) ( 800 200 3 ) ( 800 200 4 ) ( 800 200 5 ) 
POINTS ( 800 400 1 ) ( 800 400 2 ) ( 800 400 3 ) ( 800 400 4 ) ( 800 400 5 ) 
POINTS ( 800 600 1 ) ( 800 600 2 ) ( 800 600 3 ) ( 800 600 4 ) ( 800 600 5 ) 
POINTS ( 800 800 1 ) ( 800 800 2 ) ( 800 800 3 ) ( 800 800 4 ) ( 800 800 5 ) 
POINTS ( 800 1000 1 ) ( 800 1000 2 ) ( 800 1000 3 ) ( 800 1000 4 ) ( 800 1000 5 ) 
POINTS ( 1000 200 1 ) ( 1000 200 2 ) ( 1000 200 3 ) ( 1000 200 4 ) ( 1000 200 5 ) 
POINTS ( 1000 400 1 ) ( 1000 400 2 ) ( 1000 400 3 ) ( 1000 400 4 ) ( 1000 400 5 ) 
POINTS ( 1000 600 1 ) ( 1000 600 2 ) ( 1000 600 3 ) ( 1000 600 4 ) ( 1000 600 5 ) 
POINTS ( 1000 800 1 ) ( 1000 800 2 ) ( 1000 800 3 ) ( 1000 800 4 ) ( 1000 800 5 ) 
POINTS ( 1000 1000 1 ) ( 1000 1000 2 ) ( 1000 1000 3 ) ( 1000 1000 4 ) ( 1000 1000 5 ) 

REGION Test
METRIC failures
DATA 0.0 
DATA 0.0 
DATA 0.0 
DATA 0.0 
DATA 0.0 
DATA 0.0 
DATA 0.0 
DATA 0.0 
DATA 0.0 
DATA 0.0 
DATA 0.0 
DATA 0.0 
DATA 0.0 
DATA 0.0 
DATA 0.0 
DATA 0.0 
DATA 0.0 
DATA 0.0 
DATA 0.0 
DATA 0.0 
DATA 0.0 
DATA 0.0 
DATA 0.0 
DATA 0.0 
DATA 0.0 
DATA 0.0 
DATA 0.0 
DATA 0.0 
DATA 0.0 
DATA 0.0 
DATA 2.113022113022113 
DATA 0.0 
DATA 0.0 
DATA 0.0 
DATA 0.0 
DATA 0.9105149794399843 
DATA 0.0 
DATA 0.31492963291014664 
DATA 0.0 
DATA 0.0 
DATA 1.4344467850336042 
DATA 0.3617166878482745 
DATA 0.09978048293753741 
DATA 0.3346456692913386 
DATA 0.3443187407771766 
DATA 0.5508016130618668 
DATA 0.47244094488188976 
DATA 0.0 
DATA 0.2853768943121433 
DATA 0.19751135690302193 
DATA 1.0953226761397277 
DATA 0.4426519771788314 
DATA 0.009876543209876543 
DATA 1.2032744846631818 
DATA 0.00983477576711251 
DATA 0.009894132779261898 
DATA 1.2342022116903633 
DATA 0.11809861234130499 
DATA 0.0 
DATA 0.12892988197956956 
DATA 0.009969095803010666 
DATA 0.19692792437967704 
DATA 0.22928920346924533 
DATA 0.6715386134702745 
DATA 0.009885330170027679 
DATA 0.4251532529167491 
DATA 0.18907353965568713 
DATA 0.4645645942473065 
DATA 0.0 
DATA 1.460718515594157 
DATA 0.3466376151332079 
DATA 0.009928514694201748 
DATA 0.0 
DATA 0.0 
DATA 0.009953219866626855 
DATA 0.2391629297458894 
DATA 0.0 
DATA 0.04001200360108032 
DATA 0.009912767644726407 
DATA 0.09986019572598363 
DATA 0.0 
DATA 0.0 
DATA 0.0 
DATA 0.5181347150259068 
DATA 0.25870646766169153 
DATA 0.0 
DATA 0.0 
DATA 0.0 
DATA 0.0 
DATA 0.0 
DATA 0.0 
DATA 0.0 
DATA 0.0 
DATA 0.01996007984031936 
DATA 0.0 
DATA 0.0 
DATA 0.0 
DATA 0.0 
DATA 0.0 
DATA 0.0 
DATA 0.0 
DATA 0.0 
DATA 0.0 
DATA 0.0 
DATA 0.0 
DATA 0.010005002501250627 
DATA 0.0 
DATA 0.0 
DATA 0.0 
DATA 0.0 
DATA 0.0 
DATA 0.0 
DATA 0.0 
DATA 0.09888262632255514 
DATA 0.0 
DATA 0.0 
DATA 0.0 
DATA 0.0 
DATA 0.0 
DATA 0.0 
DATA 0.0 
DATA 0.0 
DATA 0.0 
DATA 0.0 
DATA 2.237996647934536 
