PARAMETER CPU_usage
PARAMETER Memory_usage
PARAMETER kube_pod_container_resource_limits_cpu_cores
PARAMETER kube_pod_container_resource_limits_memory_bytes


POINTS (555.0789 1.0828125 0.5 524288000.0 )(585.80671 1.230078125 0.5 524288000.0 )(319.68267999999995 0.8230468750000001 0.5 524288000.0 )(621.61376 1.3773437499999999 0.5 524288000.0 )
POINTS (555.52417 1.0828125 0.5 524288000.0 )(573.934665 1.1564453125 0.5 524288000.0 )(467.76214999999996 1.1001953125 0.5 524288000.0 )(621.72636 1.3773437499999999 0.5 524288000.0 )
POINTS (555.96944 1.0828125 0.5 524288000.0 )(562.06262 1.0828125 0.5 524288000.0 )(615.8416199999999 1.3773437499999999 0.5 524288000.0 )(621.83896 1.3773437499999999 0.5 524288000.0 )
POINTS (580.0903500000001 1.230078125 0.5 524288000.0 )(586.1574499999999 1.230078125 0.5 524288000.0 )(591.90777 1.230078125 0.5 524288000.0 )(23.52374 0.26875 0.5 524288000.0 )
POINTS (604.21126 1.3773437499999999 0.5 524288000.0 )(610.25228 1.3773437499999999 0.5 524288000.0 )(567.97392 1.0828125 0.5 524288000.0 )(298.79699 0.67578125 0.5 524288000.0 )
POINTS (23.52374 0.26875 0.5 524288000.0 )(23.52374 0.26875 0.5 524288000.0 )(23.52374 0.26875 0.5 524288000.0 )(574.07024 1.0828125 0.5 524288000.0 )
POINTS (168.87259 0.5458984375 0.5 524288000.0 )(158.338565 0.472265625 0.5 524288000.0 )(23.52374 0.26875 0.5 524288000.0 )(436.433615 0.879296875 0.5 524288000.0 )
POINTS (314.22144 0.8230468750000001 0.5 524288000.0 )(293.15339 0.67578125 0.5 524288000.0 )(23.52374 0.26875 0.5 524288000.0 )(298.79699 0.67578125 0.5 524288000.0 )
POINTS (459.57029 1.1001953125 0.5 524288000.0 )(427.96821500000004 0.879296875 0.5 524288000.0 )(23.52374 0.26875 0.5 524288000.0 )(161.160365 0.472265625 0.5 524288000.0 )
POINTS (604.91914 1.3773437499999999 0.5 524288000.0 )(562.7830399999999 1.0828125 0.5 524288000.0 )(23.52374 0.26875 0.5 524288000.0 )(23.52374 0.26875 0.5 524288000.0 )
POINTS (314.22144 0.8230468750000001 0.5 524288000.0 )(23.52374 0.26875 0.5 524288000.0 )(568.7288599999999 1.0828125 0.5 524288000.0 )(622.67502 1.3773437499999999 0.5 524288000.0 )
POINTS (23.52374 0.26875 0.5 524288000.0 )(317.24357 0.8230468750000001 0.5 524288000.0 )(592.85437 1.230078125 0.5 524288000.0 )(598.79029 1.230078125 0.5 524288000.0 )
POINTS (557.1625 1.0828125 0.5 524288000.0 )(610.9634 1.3773437499999999 0.5 524288000.0 )(616.97988 1.3773437499999999 0.5 524288000.0 )(574.90556 1.0828125 0.5 524288000.0 )
POINTS (569.3002 1.1564453125 0.5 524288000.0 )(464.103485 1.1001953125 0.5 524288000.0 )(468.615845 1.1001953125 0.5 524288000.0 )(587.026705 1.1564453125 0.5 524288000.0 )
POINTS (581.4379 1.230078125 0.5 524288000.0 )(317.24357 0.8230468750000001 0.5 524288000.0 )(320.25181 0.8230468750000001 0.5 524288000.0 )(599.14785 1.230078125 0.5 524288000.0 )
POINTS (593.5756 1.3037109375 0.5 524288000.0 )(170.383655 0.5458984375 0.5 524288000.0 )(171.88777499999998 0.5458984375 0.5 524288000.0 )(611.268995 1.3037109375 0.5 524288000.0 )
POINTS (605.7133 1.3773437499999999 0.5 524288000.0 )(23.52374 0.26875 0.5 524288000.0 )(23.52374 0.26875 0.5 524288000.0 )(623.39014 1.3773437499999999 0.5 524288000.0 )
POINTS (314.61852 0.8230468750000001 0.5 524288000.0 )(293.56616 0.67578125 0.5 524288000.0 )(320.6463 0.8230468750000001 0.5 524288000.0 )(599.4730999999999 1.230078125 0.5 524288000.0 )
POINTS (23.52374 0.26875 0.5 524288000.0 )(563.60858 1.0828125 0.5 524288000.0 )(617.76886 1.3773437499999999 0.5 524288000.0 )(575.55606 1.0828125 0.5 524288000.0 )
POINTS (557.92484 1.0828125 0.5 524288000.0 )(611.7017999999999 1.3773437499999999 0.5 524288000.0 )(569.82032 1.0828125 0.5 524288000.0 )(23.52374 0.26875 0.5 524288000.0 )
POINTS (379.79114000000004 0.8114583333333335 0.5 524288000.0 )(596.8137866666667 1.2791666666666666 0.5 524288000.0 )(387.72146000000004 0.8114583333333335 0.5 524288000.0 )(224.67776 0.6382812499999999 0.5 524288000.0 )

REGION Test
METRIC average_response_time

DATA 0.03417393353759133 0.03635516196690748 0.03595298455865407 0.036927285160702074 
DATA 0.03628652214891612 0.036346691519105315 0.035944700460829496 0.03691886964448496 
DATA 0.036277974087161366 0.0363382250174703 0.0359364201796821 0.03691326143095853 
DATA 0.03626943005181347 0.036329762459245456 0.03592814371257485 0.03690765492102066 
DATA 0.03642072213500785 0.03632412294318534 0.035922628185446726 0.03690205011389522 
DATA 0.03657196672421912 0.036318485177712245 0.03591711435149655 0.036893646094283764 
DATA 0.03672316384180791 0.036312849162011177 0.03591160220994475 0.036885245901639344 
DATA 0.03671452106377971 0.036304398417500584 0.03613348676639816 0.03687684953334851 
DATA 0.03670588235294118 0.03629595160539786 0.03635526921306949 0.036868456986800184 
DATA 0.03669724770642202 0.03629032258064516 0.036503067484662574 0.0368628640776699 
DATA 0.036688617121354655 0.03628469530159715 0.036650820426314984 0.03685727286516002 
DATA 0.036682865652923655 0.03627906976744186 0.03679852805887764 0.036851683348498636 
DATA 0.03667711598746082 0.03627063473610788 0.03702000459875834 0.036843302251535134 
DATA 0.036671368124118475 0.03626220362622036 0.037241379310344824 0.036834924965893585 
DATA 0.036662749706227966 0.03625377643504532 0.0372328200413698 0.03682655148897477 
DATA 0.03665413533834586 0.0362453531598513 0.03722426470588235 0.03681818181818182 
DATA 0.036645525017618044 0.03623693379790941 0.037215713301171606 0.03680981595092025 
DATA 0.03663691874119305 0.036228518346493266 0.03720716582452917 0.03680145388459791 
DATA 0.03663118346900438 0.036222910216718265 0.03720146968769136 0.036795881284070256 
DATA 0.03662544999217405 0.03621730382293763 0.037195775294657896 0.03679031037093111 
DATA 0.036619718309859155 0.036211699164345405 0.0371900826446281 0.03678474114441417 
