PARAMETER cpu_limit
PARAMETER memory_limit
PARAMETER number_of_pods
PARAMETER rps


POINTS ( 300 400 1 10 ) ( 300 400 2 10 ) ( 300 400 3 10 ) ( 300 400 4 10 ) ( 300 400 5 10 ) 
POINTS ( 300 450 1 10 ) ( 300 450 2 10 ) ( 300 450 3 10 ) ( 300 450 4 10 ) ( 300 450 5 10 ) 
POINTS ( 300 500 1 10 ) ( 300 500 2 10 ) ( 300 500 3 10 ) ( 300 500 4 10 ) ( 300 500 5 10 ) 
POINTS ( 300 550 1 10 ) ( 300 550 2 10 ) ( 300 550 3 10 ) ( 300 550 4 10 ) ( 300 550 5 10 ) 
POINTS ( 300 600 1 10 ) ( 300 600 2 10 ) ( 300 600 3 10 ) ( 300 600 4 10 ) ( 300 600 5 10 ) 
POINTS ( 350 400 1 10 ) ( 350 400 2 10 ) ( 350 400 3 10 ) ( 350 400 4 10 ) ( 350 400 5 10 ) 
POINTS ( 350 450 1 10 ) ( 350 450 2 10 ) ( 350 450 3 10 ) ( 350 450 4 10 ) ( 350 450 5 10 ) 
POINTS ( 350 500 1 10 ) ( 350 500 2 10 ) ( 350 500 3 10 ) ( 350 500 4 10 ) ( 350 500 5 10 ) 
POINTS ( 350 550 1 10 ) ( 350 550 2 10 ) ( 350 550 3 10 ) ( 350 550 4 10 ) ( 350 550 5 10 ) 
POINTS ( 350 600 1 10 ) ( 350 600 2 10 ) ( 350 600 3 10 ) ( 350 600 4 10 ) ( 350 600 5 10 ) 
POINTS ( 400 400 1 10 ) ( 400 400 2 10 ) ( 400 400 3 10 ) ( 400 400 4 10 ) ( 400 400 5 10 ) 
POINTS ( 400 450 1 10 ) ( 400 450 2 10 ) ( 400 450 3 10 ) ( 400 450 4 10 ) ( 400 450 5 10 ) 
POINTS ( 400 500 1 10 ) ( 400 500 2 10 ) ( 400 500 3 10 ) ( 400 500 4 10 ) ( 400 500 5 10 ) 
POINTS ( 400 550 1 10 ) ( 400 550 2 10 ) ( 400 550 3 10 ) ( 400 550 4 10 ) ( 400 550 5 10 ) 
POINTS ( 400 600 1 10 ) ( 400 600 2 10 ) ( 400 600 3 10 ) ( 400 600 4 10 ) ( 400 600 5 10 ) 
POINTS ( 450 400 1 10 ) ( 450 400 2 10 ) ( 450 400 3 10 ) ( 450 400 4 10 ) ( 450 400 5 10 ) 
POINTS ( 450 450 1 10 ) ( 450 450 2 10 ) ( 450 450 3 10 ) ( 450 450 4 10 ) ( 450 450 5 10 ) 
POINTS ( 450 500 1 10 ) ( 450 500 2 10 ) ( 450 500 3 10 ) ( 450 500 4 10 ) ( 450 500 5 10 ) 
POINTS ( 450 550 1 10 ) ( 450 550 2 10 ) ( 450 550 3 10 ) ( 450 550 4 10 ) ( 450 550 5 10 ) 
POINTS ( 450 600 1 10 ) ( 450 600 2 10 ) ( 450 600 3 10 ) ( 450 600 4 10 ) ( 450 600 5 10 ) 
POINTS ( 500 400 1 10 ) ( 500 400 2 10 ) ( 500 400 3 10 ) ( 500 400 4 10 ) ( 500 400 5 10 ) 
POINTS ( 500 450 1 10 ) ( 500 450 2 10 ) ( 500 450 3 10 ) ( 500 450 4 10 ) ( 500 450 5 10 ) 
POINTS ( 500 500 1 10 ) ( 500 500 2 10 ) ( 500 500 3 10 ) ( 500 500 4 10 ) ( 500 500 5 10 ) 
POINTS ( 500 550 1 10 ) ( 500 550 2 10 ) ( 500 550 3 10 ) ( 500 550 4 10 ) ( 500 550 5 10 ) 
POINTS ( 500 600 1 10 ) ( 500 600 2 10 ) ( 500 600 3 10 ) ( 500 600 4 10 ) ( 500 600 5 10 ) 

REGION teastore
METRIC average_response_time

DATA 4338.502698028724 3285.142980315968 3241.845200914801 3183.657684410172 4367.617704670041 
DATA 3503.9257056543684 3070.1468055290898 4080.247727468378 5068.572432002306 4444.373168356188 
DATA 2424.493080848628 2048.9078653626807 2651.08338478788 3051.0279422284448 3168.1162885709296 
DATA 2209.3557146224693 1622.1281346362064 1947.9319952324165 2234.8596030528165 2499.404372101952 
DATA 1799.1065946614622 1358.9335264706267 1629.5795918912113 1796.191676205977 2170.4779821799084 
DATA 3395.09452365394 2755.9301761822803 3744.857017898633 4230.775368005458 3878.253987667103 
DATA 3582.947683979728 2621.764129533534 4153.036962307567 4734.094796681306 3652.7669671886474 
DATA 2455.006316915684 1849.6280846167751 3103.6781073030625 2740.514368659088 2368.213346124383 
DATA 1934.179042834832 1462.2299102889344 2296.532543964463 2049.0055107355824 1874.8026227968012 
DATA 1512.8387333608366 1170.5839463853993 1863.4483409216705 1649.123127383098 1582.9912885667873 
DATA 3439.6737554886795 5378.2800490649615 3335.935237433794 4699.533424327288 5084.322001911787 
DATA 3172.917067135982 4552.822892571789 3787.511281398983 4597.74064786876 4385.645394284086 
DATA 2223.763285635241 2635.888729617836 3034.223818153758 3078.512113253445 3129.0199914041123 
DATA 1657.022288134305 1918.9114674780076 2319.1977581701567 2301.792462367251 2350.74354561665 
DATA 1370.9652897199255 1530.9337068860157 1887.735146478907 1845.489265557448 1940.250752645483 
DATA 4413.310150805455 5170.539368969476 3250.5111111111114 5525.0756102102605 5069.259385897533 
DATA 3609.345843896712 4464.661796416806 3926.51287965222 4220.871026470817 4462.4842065766015 
DATA 2416.5065085850824 2897.4474678034417 2645.7208009897868 3204.240995592092 2863.3780730266967 
DATA 1893.240435973717 2186.8254278907125 1907.5992542882984 2323.0087124274582 2137.0199540690287 
DATA 1583.2553928495654 1736.7753571822552 1555.8000731206007 1834.979391239918 1727.9364483000224 
DATA 3027.6094925060675 4309.419030610821 3101.4055259662573 3931.1882534908486 4443.209990127261 
DATA 2648.461844854334 3497.6080185757373 2815.717954673198 4003.09774565633 4380.58538633978 
DATA 1780.2358124746054 2431.6458473007724 2023.3144241672087 2704.5385266582266 2989.8479159291933 
DATA 1371.5779528301152 1806.395955378155 1545.993658138132 2140.824136813951 2274.942591672829 
DATA 1158.9339541719517 1501.7552078130018 1252.580333291955 1732.9216547056972 1838.7663981328265 
DATA 2870.2434926423684 2286.090271880325 3373.907223185037 3831.032413052588 3560.198130090019 
DATA 1955.0013105373084 1979.1417004613088 2745.4662919181405 4505.042724953475 2882.664348578787 
DATA 1352.8394180760326 1397.576245505212 1761.9287119546548 2950.984471215794 2131.2299917858763 
DATA 1035.3685543775557 1090.6506223414904 1386.2734123530397 2171.704784633389 1575.984532144287 
DATA 851.9367378002844 899.7245631911858 1148.2125297581042 1758.404607664566 1264.1723859248507 
DATA 2815.332845748224 2522.665970284045 3209.268705054147 3506.2821635477458 3220.5264791224777 
DATA 2145.2206564038524 2738.444783192077 2665.469707203072 4659.707806603057 2623.4897642727437 
DATA 1587.0457096698156 1891.3186236693696 1870.0530521249848 2833.692470566234 2126.3809001644936 
DATA 1202.0712722261376 1423.5276892267404 1441.1422767275055 2071.634735202775 1592.0066794297031 
DATA 1014.8903704103432 1147.2636150929577 1193.396675412697 1670.677392017796 1304.2670308409304 
DATA 3107.084449519461 3071.508685074866 2700.718662297157 4133.623994382158 2491.0912544158205 
DATA 2274.8097496636506 2464.7534616296275 2754.008644866141 3927.765166559214 2981.4146089475657 
DATA 1480.8735364341517 1603.3768491660628 2038.4721668917268 2684.096577135768 2155.8922714155324 
DATA 1096.262916416945 1242.1530869810708 1541.2721645452625 2094.466021068077 1647.1624611882764 
DATA 967.3368810025624 1039.2410086642956 1239.2880645962648 1662.9008333023248 1304.667718838668 
DATA 2523.7523952823976 2478.252865490656 2926.62588960186 4752.14818626623 4399.782543795532 
DATA 1995.1375882587456 1875.7689140560449 2174.174271290994 4009.241987062958 2958.054852768696 
DATA 1445.0772584945291 1429.8393197533792 1526.7946637152156 2491.8038124069244 1815.6057848247408 
DATA 1117.4592547906982 1200.9708758621491 1248.9837971407433 2049.372477115466 1407.9107356888276 
DATA 932.4107373878348 1002.3999412788731 1040.5804509883708 1701.7034633293492 1208.442840189609 
DATA 2634.209549750384 2200.372969296908 2314.432131447498 5010.06820060924 3167.29005363254 
DATA 1903.1853867554096 2105.3378268663705 2270.738667474716 5422.430979381247 3070.7279337947616 
DATA 1237.9065662059934 1740.9465975565229 1615.5044596500522 3097.832839417212 2074.987283062555 
DATA 980.932739600069 1311.4843939184232 1199.436665451239 2170.036770295448 1481.6529217098227 
DATA 799.8664437224278 1064.588722342183 1028.1181630486217 1666.9459777322577 1220.7025879000116 
DATA 1525.725545872723 2251.6709421527044 2240.881418115816 2782.93535741114 4084.955476590828 
DATA 1264.101604796237 1412.953662640329 1511.281022614835 2060.998467504615 2320.7260564336093 
DATA 905.482338105844 963.0107937775012 1114.3152014000157 1462.9715754392848 1545.7342880634558 
DATA 724.8290172794132 760.8562853422994 878.5811367396491 1154.5838615658045 1201.7897079360298 
DATA 600.2951803963789 635.7090261417844 713.2621342660492 990.49485653993 978.7592290955936 
DATA 1913.948199677972 1769.325565098348 2705.5649550299504 2812.135697685728 2592.12395019436 
DATA 1116.6272486492485 1414.4155574814206 1593.6133306188258 2364.794163386886 2340.297340164645 
DATA 724.5331682807739 991.0310101110588 1034.0446106521838 1514.160855042987 1508.8771631344448 
DATA 634.4868898227793 793.2256878901699 772.9378491756705 1176.8186519209598 1203.3453100190509 
DATA 580.1594537268213 650.0212103254286 641.2429215423741 953.246410155475 954.7428632907236 
DATA 1966.4889888435912 2162.8515382315604 1889.48488462924 2482.767646600582 3430.4553301110946 
DATA 1652.5025277433906 1590.480877853567 1591.6264047257398 2442.1848266233983 2409.314747688376 
DATA 1053.7343210449797 1112.5619253234067 1129.3015376158844 1525.0646168016049 1585.8197920514742 
DATA 817.7812855426263 858.3000001359812 882.3831100531307 1162.319822576266 1220.6033331125116 
DATA 695.3036860432904 708.745191604093 743.8504752344352 980.7286675812968 998.1626658316104 
DATA 2240.351695505868 2201.4017862861824 2579.458569816853 2978.0332301254675 2929.4574972489504 
DATA 1751.5374385833554 1365.320066700932 1813.045362419018 2115.8761415002746 1682.473448167393 
DATA 1109.348056993177 1016.8115794536624 1149.8756402731126 1582.5518913229264 1334.4259964626312 
DATA 848.5998312280647 824.7928399874743 889.669294367604 1201.73518517638 1098.006113982371 
DATA 734.2129332416276 685.4716633168798 754.3539907362403 1000.7857877175556 906.7987628390638 
DATA 2097.459705482165 2737.4200803382955 2136.587178147378 2768.0289370582955 2034.5274235262173 
DATA 1389.7544751616867 1455.2024893536152 1874.660261736135 2360.1310853188284 1779.808502013185 
DATA 1019.8424055700616 1071.349755497141 1343.203299867537 1595.0922085683417 1488.4526667506232 
DATA 852.8545707983436 857.62412315855 1008.1126364424892 1232.1221949768658 1156.8497169847228 
DATA 692.8533749805135 736.1977814607172 830.9877294505325 1071.1307610603533 972.3388781260926 
DATA 1352.309953854132 1898.2660963936169 1366.9461696732822 2157.624789893613 2182.6000639786703 
DATA 786.227580463027 1218.9235144164388 828.4460748890624 1394.0987706542182 1480.6033832380356 
DATA 579.7153508813129 830.9069064436275 589.315489641439 941.2521731095728 1014.8681663539198 
DATA 464.6609311836388 612.8897881812183 483.5707863652208 727.78065366196 807.0510671473241 
DATA 389.66602842065697 536.5888302576436 405.4332605690802 602.4259209487 674.9224995527342 
DATA 1538.8350663488409 2154.9661081651666 1873.7276095823893 2111.5526418666536 2734.3877836261263 
DATA 1000.1206163099253 1174.88496506448 1205.8084172787208 1133.826130842836 1687.63396151485 
DATA 804.5401367950619 828.3350279426758 753.6590739265101 799.1608020461197 1201.7928290625907 
DATA 648.453501166261 645.4609740010525 576.8473289836462 614.4294556677296 949.9597829030084 
DATA 563.4809921536133 539.426515335005 490.0986838841762 538.2127664232854 768.6029805845179 
DATA 1320.1718589960012 1282.6351115816344 1896.020053835998 1550.0216711307305 1927.373126567799 
DATA 845.7115272069358 1085.8200286953995 1288.8034251873546 1158.4298896002622 1391.825002631514 
DATA 597.2858425236622 778.8439050608816 923.6266585612672 812.3078164175813 1168.939680329393 
DATA 474.4900038819475 596.5718651737449 705.5335555429972 660.6264036734476 901.4049483227944 
DATA 394.3992507980138 495.2487271561602 599.1335063067227 574.0353658900779 788.8702831462012 
DATA 1648.2716267032358 1553.2195745504075 1773.6192949321498 2253.0489224675 2254.087412332509 
DATA 1119.047014727768 895.3350808541526 1265.0303847868 1399.937555933098 1524.9137906332398 
DATA 812.7339639788726 619.3456393118256 857.723259670345 941.7198137819978 1076.2407570076814 
DATA 641.0936356004113 501.491387780106 667.1972689370357 752.6443177038715 837.3549913042158 
DATA 546.2421936402781 433.33102624791536 566.6939815272464 636.4338710482077 699.6702234145263 
DATA 1437.4265004981753 1508.8899610727474 1615.2733166864673 2713.0204543507184 2183.242560572433 
DATA 899.7344280381927 1081.453505992845 948.6202761079164 1331.0612921506545 1298.7113451426146 
DATA 663.808781806578 754.6944829616531 698.2252047922802 923.851315830537 901.973509676096 
DATA 528.3088508162015 630.8770369531837 571.7514964366483 751.2770642685703 762.6642179768417 
DATA 439.4212121650007 545.7522352941274 501.7229453891161 633.1345586055762 650.2365785866756 
DATA 1008.6531915328812 1249.8482641015132 1364.8854633040692 1685.1429728534251 1655.6151250754162 
DATA 632.8737997832437 671.5069923533077 744.2407175215596 1109.482691207705 983.9120092385172 
DATA 554.4670784935839 478.38919424762463 576.1237210831902 782.8705355799876 673.2776620928361 
DATA 444.76056607714406 361.5542350709719 462.1162887788311 602.266777452898 533.4007394035553 
DATA 371.594293309903 307.84937844901503 403.77158479368296 509.9432092012767 440.5684737098049 
DATA 1226.7721816149935 1247.4669090739949 1534.3993399780095 1488.065072033511 1877.53423494592 
DATA 704.7476482066808 791.7599502295809 964.939677565775 829.5791979984357 1120.818774252796 
DATA 498.3288643882078 533.6648397808084 671.7365351902814 549.3194461453038 805.1184846732546 
DATA 410.4836265283192 414.77909410460506 543.3885889071802 433.1497961040874 652.2622448219261 
DATA 355.4189297164934 358.9664990462344 467.5347010541065 379.90426699426274 560.7285087863473 
DATA 1102.9028315564751 1227.7197740480085 2456.498193571511 1597.671935761471 1899.1306494274395 
DATA 627.4515075551238 764.6773533782841 1461.773647652405 1008.8766305431872 1363.140473023445 
DATA 533.7279571841902 530.5844867294046 1097.111151207774 794.7802869560136 979.861507509802 
DATA 445.5546059563495 412.3199838122745 1000.313829093182 725.3971429652049 776.5734845852884 
DATA 373.5158018375724 349.5102650331688 801.918575736143 601.1172807982363 655.7837134087725 
DATA 1073.770598541215 1645.501718491042 1909.4165059379104 1552.2848247352829 1812.743711389832 
DATA 504.4911335813863 728.3074684870065 1109.1016839971787 1026.6053111866584 1062.3615562475356 
DATA 356.6881700209364 515.5203908365727 912.7978134059066 742.7888089791347 695.186239897116 
DATA 281.8500180286772 444.5873388040191 692.8421113431363 603.8128330790272 556.1610958391051 
DATA 250.2772116140985 383.86689702552894 605.0577816346687 507.0797883479132 470.0748014863912 
DATA 1273.2658810556209 1086.2025155057668 2436.716271991786 1600.58917573723 1620.3873328198908 
DATA 779.9832902295992 528.7100487502108 1481.502025241421 1095.898440270186 1125.680951386452 
DATA 613.5597342719277 384.7958310056386 934.3683561036938 720.8381488677642 894.5212012272725 
DATA 506.2129236101894 331.8482202911546 699.4316352472412 543.9663635075841 682.9962453950192 
DATA 425.7897874648023 297.5446783531988 576.6533980441983 455.4005618164841 563.7529735013833 
