PARAMETER cpu_limit
PARAMETER memory_limit
PARAMETER number_of_pods
PARAMETER rps


POINTS ( 300 400 1 10 ) ( 300 400 2 10 ) ( 300 400 3 10 ) ( 300 400 4 10 ) ( 300 400 5 10 ) 
POINTS ( 300 450 1 10 ) ( 300 450 2 10 ) ( 300 450 3 10 ) ( 300 450 4 10 ) ( 300 450 5 10 ) 
POINTS ( 300 500 1 10 ) ( 300 500 2 10 ) ( 300 500 3 10 ) ( 300 500 4 10 ) ( 300 500 5 10 ) 
POINTS ( 300 550 1 10 ) ( 300 550 2 10 ) ( 300 550 3 10 ) ( 300 550 4 10 ) ( 300 550 5 10 ) 
POINTS ( 300 600 1 10 ) ( 300 600 2 10 ) ( 300 600 3 10 ) ( 300 600 4 10 ) ( 300 600 5 10 ) 
POINTS ( 350 400 1 10 ) ( 350 400 2 10 ) ( 350 400 3 10 ) ( 350 400 4 10 ) ( 350 400 5 10 ) 
POINTS ( 350 450 1 10 ) ( 350 450 2 10 ) ( 350 450 3 10 ) ( 350 450 4 10 ) ( 350 450 5 10 ) 
POINTS ( 350 500 1 10 ) ( 350 500 2 10 ) ( 350 500 3 10 ) ( 350 500 4 10 ) ( 350 500 5 10 ) 
POINTS ( 350 550 1 10 ) ( 350 550 2 10 ) ( 350 550 3 10 ) ( 350 550 4 10 ) ( 350 550 5 10 ) 
POINTS ( 350 600 1 10 ) ( 350 600 2 10 ) ( 350 600 3 10 ) ( 350 600 4 10 ) ( 350 600 5 10 ) 
POINTS ( 400 400 1 10 ) ( 400 400 2 10 ) ( 400 400 3 10 ) ( 400 400 4 10 ) ( 400 400 5 10 ) 
POINTS ( 400 450 1 10 ) ( 400 450 2 10 ) ( 400 450 3 10 ) ( 400 450 4 10 ) ( 400 450 5 10 ) 
POINTS ( 400 500 1 10 ) ( 400 500 2 10 ) ( 400 500 3 10 ) ( 400 500 4 10 ) ( 400 500 5 10 ) 
POINTS ( 400 550 1 10 ) ( 400 550 2 10 ) ( 400 550 3 10 ) ( 400 550 4 10 ) ( 400 550 5 10 ) 
POINTS ( 400 600 1 10 ) ( 400 600 2 10 ) ( 400 600 3 10 ) ( 400 600 4 10 ) ( 400 600 5 10 ) 
POINTS ( 450 400 1 10 ) ( 450 400 2 10 ) ( 450 400 3 10 ) ( 450 400 4 10 ) ( 450 400 5 10 ) 
POINTS ( 450 450 1 10 ) ( 450 450 2 10 ) ( 450 450 3 10 ) ( 450 450 4 10 ) ( 450 450 5 10 ) 
POINTS ( 450 500 1 10 ) ( 450 500 2 10 ) ( 450 500 3 10 ) ( 450 500 4 10 ) ( 450 500 5 10 ) 
POINTS ( 450 550 1 10 ) ( 450 550 2 10 ) ( 450 550 3 10 ) ( 450 550 4 10 ) ( 450 550 5 10 ) 
POINTS ( 450 600 1 10 ) ( 450 600 2 10 ) ( 450 600 3 10 ) ( 450 600 4 10 ) ( 450 600 5 10 ) 
POINTS ( 500 400 1 10 ) ( 500 400 2 10 ) ( 500 400 3 10 ) ( 500 400 4 10 ) ( 500 400 5 10 ) 
POINTS ( 500 450 1 10 ) ( 500 450 2 10 ) ( 500 450 3 10 ) ( 500 450 4 10 ) ( 500 450 5 10 ) 
POINTS ( 500 500 1 10 ) ( 500 500 2 10 ) ( 500 500 3 10 ) ( 500 500 4 10 ) ( 500 500 5 10 ) 
POINTS ( 500 550 1 10 ) ( 500 550 2 10 ) ( 500 550 3 10 ) ( 500 550 4 10 ) ( 500 550 5 10 ) 
POINTS ( 500 600 1 10 ) ( 500 600 2 10 ) ( 500 600 3 10 ) ( 500 600 4 10 ) ( 500 600 5 10 ) 

REGION teastore
METRIC memory_usage

DATA 77.66571428571429 74.80142857142857 78.84 76.00857142857144 71.58 
DATA 82.81500000000001 80.09928571428573 85.65714285714284 81.40142857142857 83.76285714285714 
DATA 84.90333333333335 81.2104761904762 85.44619047619047 81.68095238095238 85.33476190476192 
DATA 84.45357142857141 83.48857142857142 84.71571428571428 83.53607142857145 84.43107142857143 
DATA 84.84714285714284 84.2462857142857 86.37514285714285 83.71542857142859 85.21428571428572 
DATA 68.09714285714287 62.10285714285714 71.65857142857143 67.67999999999999 65.56857142857142 
DATA 72.91714285714285 70.87928571428573 74.82285714285716 73.08357142857145 74.0557142857143 
DATA 74.20047619047621 74.7352380952381 76.39476190476189 74.78666666666669 74.57904761904761 
DATA 75.675 76.17428571428574 76.45892857142856 76.4382142857143 75.05535714285713 
DATA 76.42085714285713 77.67000000000003 75.67857142857144 76.79914285714287 74.96400000000001 
DATA 63.21 60.66428571428571 59.48857142857143 61.54000000000001 58.19857142857144 
DATA 65.26285714285714 63.32571428571428 68.08214285714287 64.86999999999999 65.63000000000001 
DATA 67.15000000000002 68.47999999999999 70.31190476190477 66.33714285714287 68.5195238095238 
DATA 68.65892857142858 69.28714285714288 69.92607142857143 67.71892857142859 67.27714285714283 
DATA 68.7577142857143 69.39657142857143 69.9174285714286 67.76228571428574 68.81542857142855 
DATA 55.60714285714285 58.67571428571431 54.95857142857143 63.19428571428572 53.70285714285715 
DATA 58.860000000000014 59.04142857142858 61.11857142857144 63.495000000000005 60.68214285714284 
DATA 60.60238095238096 62.47761904761904 62.91714285714287 62.30000000000001 60.45333333333336 
DATA 62.79857142857145 63.25999999999999 62.71571428571427 63.51321428571429 62.780000000000015 
DATA 63.18828571428575 63.429428571428566 62.23228571428572 62.99285714285714 63.470285714285744 
DATA 50.33142857142857 47.05142857142857 55.74428571428572 50.881428571428565 49.68857142857144 
DATA 55.70214285714287 55.94499999999999 58.190000000000005 54.895 59.66928571428571 
DATA 56.44666666666666 58.32714285714285 56.81380952380952 57.03238095238096 59.486666666666665 
DATA 58.668928571428566 58.452142857142846 56.597142857142885 57.58321428571429 59.55107142857144 
DATA 58.83257142857141 59.201142857142855 58.03914285714286 58.982857142857135 58.17600000000001 
DATA 70.04714285714286 77.72 78.82857142857142 74.88714285714286 69.01285714285714 
DATA 83.99285714285715 79.7507142857143 82.44499999999998 82.75785714285712 83.73857142857142 
DATA 82.58904761904763 81.1747619047619 86.06523809523809 82.99190476190476 86.42 
DATA 82.49535714285716 84.31428571428572 85.23964285714285 84.52464285714288 86.79749999999997 
DATA 83.10742857142857 84.9305714285714 85.81171428571429 85.35085714285717 86.18000000000004 
DATA 69.8957142857143 65.75428571428571 70.08571428571429 72.34857142857142 60.21571428571429 
DATA 74.23928571428573 68.77714285714286 74.55499999999999 73.56357142857144 74.07285714285716 
DATA 76.24809523809525 74.91333333333331 76.56666666666668 76.33952380952381 75.36714285714285 
DATA 76.36535714285718 75.66107142857142 75.80249999999998 75.53999999999998 76.20785714285715 
DATA 76.10171428571427 74.06628571428573 75.11342857142857 76.596 75.72228571428568 
DATA 61.54285714285714 58.09714285714286 63.06142857142856 59.76857142857143 53.131428571428565 
DATA 66.53142857142856 65.70357142857144 67.16785714285713 66.7157142857143 66.30428571428571 
DATA 67.27095238095238 65.81 67.70190476190477 65.85333333333335 68.64904761904764 
DATA 66.12142857142855 66.35964285714286 68.87285714285717 67.26571428571427 67.89357142857146 
DATA 68.36657142857143 67.52228571428574 67.7525714285714 68.42114285714285 69.03085714285714 
DATA 54.527142857142856 55.2 56.04571428571429 52.26857142857143 56.85857142857143 
DATA 63.007857142857134 58.85142857142859 59.45785714285715 58.79 59.16785714285714 
DATA 63.5604761904762 62.26428571428571 60.01428571428572 63.78142857142858 60.54380952380953 
DATA 62.23107142857141 62.475 61.43892857142856 62.75928571428569 61.47464285714285 
DATA 62.866857142857135 62.5142857142857 61.60771428571427 63.34000000000002 62.13914285714287 
DATA 48.07428571428572 51.66428571428571 50.304285714285705 48.03428571428572 51.60857142857143 
DATA 54.70499999999999 54.17071428571428 55.56714285714285 57.50642857142858 54.54571428571428 
DATA 55.711904761904776 55.08952380952381 56.51523809523809 59.853333333333325 56.93285714285714 
DATA 56.56571428571427 55.91785714285716 56.77178571428573 60.33607142857145 56.50285714285714 
DATA 56.3777142857143 57.70171428571426 57.494 60.57228571428573 57.05685714285713 
DATA 71.89714285714285 74.91999999999999 73.05285714285715 75.45857142857143 78.60000000000001 
DATA 81.52571428571427 82.82642857142858 80.87000000000002 80.75999999999999 86.10500000000002 
DATA 81.22476190476189 83.30285714285714 83.30619047619048 84.25238095238097 86.2595238095238 
DATA 82.05928571428572 83.12678571428572 84.62392857142855 85.06357142857145 87.515 
DATA 83.54342857142855 83.28171428571429 85.12599999999995 85.79514285714284 86.62971428571429 
DATA 65.72999999999999 64.52714285714286 66.17285714285715 67.83714285714287 66.7942857142857 
DATA 69.88785714285713 70.4207142857143 71.90714285714287 70.97785714285715 70.93214285714285 
DATA 70.18666666666665 71.47761904761903 72.3295238095238 76.06333333333335 71.65285714285713 
DATA 72.3125 74.1892857142857 73.17214285714286 76.47928571428572 72.25107142857141 
DATA 73.16942857142855 72.93228571428571 73.61685714285714 76.18971428571432 72.75771428571427 
DATA 63.92428571428571 58.75 62.102857142857154 61.45857142857143 55.89857142857142 
DATA 66.99071428571429 65.51357142857145 63.74 65.76 63.42285714285715 
DATA 67.76952380952382 66.15 65.2909523809524 66.14714285714285 65.63666666666666 
DATA 68.47714285714285 67.61607142857142 66.28607142857145 66.71642857142858 67.14000000000001 
DATA 69.03599999999997 67.66714285714282 66.38457142857142 67.70542857142857 66.45657142857141 
DATA 58.50857142857144 54.69285714285714 57.13 57.90142857142858 54.87142857142857 
DATA 60.41214285714285 58.37499999999999 58.547142857142845 60.03071428571428 60.96285714285715 
DATA 59.98000000000002 60.15285714285714 60.17761904761904 61.523809523809526 63.094761904761896 
DATA 61.19464285714288 61.23999999999997 61.61714285714286 62.05857142857143 63.40714285714284 
DATA 61.44285714285716 61.66400000000001 61.68857142857143 62.02000000000001 62.65342857142856 
DATA 49.57285714285714 48.71 53.22571428571428 57.285714285714285 50.75857142857143 
DATA 52.13071428571429 53.096428571428575 56.825 56.41214285714286 57.26642857142857 
DATA 55.64619047619048 55.94999999999999 56.43476190476188 56.56000000000001 58.87904761904762 
DATA 56.74285714285713 57.16928571428572 56.02499999999998 57.313214285714295 57.92071428571428 
DATA 57.81514285714283 57.1077142857143 57.15942857142854 57.69057142857143 57.39285714285713 
DATA 73.51285714285713 74.92 74.57714285714285 69.96571428571428 77.26142857142858 
DATA 81.10071428571428 83.01214285714286 81.56357142857144 80.89428571428572 82.40857142857143 
DATA 82.9604761904762 83.07619047619049 82.39285714285712 80.93761904761905 83.88380952380953 
DATA 82.58071428571431 81.62428571428572 82.44964285714288 82.70250000000001 84.1532142857143 
DATA 82.72771428571427 84.21828571428576 83.98571428571428 82.54599999999999 83.6951428571429 
DATA 65.20857142857143 66.47857142857143 71.65 66.31857142857143 65.30571428571429 
DATA 69.46642857142857 69.50285714285715 72.03857142857144 73.63571428571427 74.47714285714287 
DATA 72.12190476190474 71.57619047619049 74.99523809523811 72.74476190476189 75.26809523809524 
DATA 73.22500000000001 72.04607142857142 74.91428571428573 73.44857142857143 74.6814285714286 
DATA 73.49400000000001 73.62542857142854 74.84571428571425 73.83400000000002 74.7962857142857 
DATA 65.31142857142856 58.49571428571427 55.37857142857143 59.74 61.27142857142858 
DATA 68.24000000000001 65.7757142857143 61.03642857142857 64.7242857142857 61.91714285714285 
DATA 68.2004761904762 67.56095238095239 64.62952380952382 64.73666666666665 64.77285714285715 
DATA 67.44428571428573 67.54749999999997 65.66321428571429 66.12500000000001 66.09857142857143 
DATA 67.53057142857142 66.97257142857144 65.73342857142856 67.01742857142857 67.40485714285713 
DATA 56.08999999999999 50.98 55.25 54.37285714285714 55.471428571428575 
DATA 62.07357142857144 58.60428571428571 60.11999999999999 59.890714285714296 60.136428571428574 
DATA 61.35095238095239 60.00952380952381 59.3204761904762 60.78285714285715 60.59380952380953 
DATA 62.39821428571428 62.06321428571427 60.94999999999998 60.676071428571404 61.31142857142856 
DATA 62.718 62.04714285714287 61.039142857142856 60.55200000000002 61.63571428571427 
DATA 52.38142857142857 53.57142857142857 49.97285714285714 51.58714285714285 46.75999999999999 
DATA 55.46785714285714 56.52857142857142 53.77500000000001 55.54642857142856 52.041428571428575 
DATA 56.50428571428572 56.54857142857141 54.530000000000015 57.474285714285706 54.44666666666668 
DATA 55.71785714285715 57.16964285714285 55.81071428571428 57.39535714285713 55.01285714285712 
DATA 56.48914285714286 57.578571428571415 56.48914285714285 56.88085714285714 55.09628571428571 
DATA 76.21428571428571 74.23142857142857 72.11142857142856 77.30714285714285 73.65142857142857 
DATA 79.92642857142857 79.32642857142856 79.78428571428572 81.44571428571429 80.93785714285715 
DATA 83.11619047619047 81.65857142857142 80.53619047619048 82.59095238095237 81.15904761904763 
DATA 83.59749999999998 81.99285714285718 81.39785714285715 83.28214285714286 81.78464285714288 
DATA 83.90342857142856 83.31171428571433 80.53114285714292 83.09257142857143 82.46685714285717 
DATA 62.34000000000001 68.31571428571428 66.01 67.23571428571428 64.05 
DATA 71.7057142857143 73.84857142857142 72.39428571428573 68.03642857142857 69.66785714285716 
DATA 73.04190476190476 75.57095238095239 72.77142857142857 69.50714285714287 72.05666666666667 
DATA 73.11749999999999 75.94964285714288 75.15857142857142 71.4532142857143 73.6364285714286 
DATA 74.70485714285718 76.75971428571428 74.96514285714288 72.3428571428571 73.1717142857143 
DATA 60.95428571428571 56.08428571428571 60.59428571428571 63.64285714285716 55.70571428571429 
DATA 64.41214285714287 66.715 65.90428571428572 67.16714285714286 67.04785714285715 
DATA 67.38238095238096 66.89904761904765 67.08904761904762 66.33238095238096 68.03333333333335 
DATA 65.92607142857142 66.63499999999999 68.53964285714288 67.39928571428574 68.83714285714285 
DATA 66.96457142857142 66.85314285714286 68.27428571428571 65.95942857142856 69.02542857142858 
DATA 54.15285714285714 53.05285714285714 52.65571428571429 53.614285714285714 55.67000000000001 
DATA 59.22714285714286 60.225 62.25785714285713 59.9657142857143 60.392857142857125 
DATA 60.64190476190476 62.20857142857143 62.93047619047619 61.73285714285716 63.705238095238094 
DATA 59.84428571428568 63.34749999999998 61.28857142857144 61.418928571428594 63.383571428571415 
DATA 61.08285714285713 63.20799999999999 63.04257142857145 62.66285714285716 63.054285714285705 
DATA 48.56714285714286 47.39714285714286 49.44714285714286 49.38857142857143 51.99857142857143 
DATA 55.30714285714284 54.201428571428565 52.40071428571429 56.18285714285714 56.302857142857135 
DATA 56.19904761904762 54.84333333333333 55.13999999999999 55.68428571428571 56.52142857142859 
DATA 57.337499999999984 55.69785714285715 56.1260714285714 55.62214285714288 56.899999999999984 
DATA 57.31828571428572 56.14285714285714 56.572 55.57514285714282 56.81257142857144 
