PARAMETER cpu_limit
PARAMETER memory_limit
PARAMETER number_of_pods
PARAMETER rps


POINTS ( 300 400 1 10 ) ( 300 400 2 10 ) ( 300 400 3 10 ) ( 300 400 4 10 ) ( 300 400 5 10 ) 
POINTS ( 300 450 1 10 ) ( 300 450 2 10 ) ( 300 450 3 10 ) ( 300 450 4 10 ) ( 300 450 5 10 ) 
POINTS ( 300 500 1 10 ) ( 300 500 2 10 ) ( 300 500 3 10 ) ( 300 500 4 10 ) ( 300 500 5 10 ) 
POINTS ( 300 550 1 10 ) ( 300 550 2 10 ) ( 300 550 3 10 ) ( 300 550 4 10 ) ( 300 550 5 10 ) 
POINTS ( 300 600 1 10 ) ( 300 600 2 10 ) ( 300 600 3 10 ) ( 300 600 4 10 ) ( 300 600 5 10 ) 
POINTS ( 350 400 1 10 ) ( 350 400 2 10 ) ( 350 400 3 10 ) ( 350 400 4 10 ) ( 350 400 5 10 ) 
POINTS ( 350 450 1 10 ) ( 350 450 2 10 ) ( 350 450 3 10 ) ( 350 450 4 10 ) ( 350 450 5 10 ) 
POINTS ( 350 500 1 10 ) ( 350 500 2 10 ) ( 350 500 3 10 ) ( 350 500 4 10 ) ( 350 500 5 10 ) 
POINTS ( 350 550 1 10 ) ( 350 550 2 10 ) ( 350 550 3 10 ) ( 350 550 4 10 ) ( 350 550 5 10 ) 
POINTS ( 350 600 1 10 ) ( 350 600 2 10 ) ( 350 600 3 10 ) ( 350 600 4 10 ) ( 350 600 5 10 ) 
POINTS ( 400 400 1 10 ) ( 400 400 2 10 ) ( 400 400 3 10 ) ( 400 400 4 10 ) ( 400 400 5 10 ) 
POINTS ( 400 450 1 10 ) ( 400 450 2 10 ) ( 400 450 3 10 ) ( 400 450 4 10 ) ( 400 450 5 10 ) 
POINTS ( 400 500 1 10 ) ( 400 500 2 10 ) ( 400 500 3 10 ) ( 400 500 4 10 ) ( 400 500 5 10 ) 
POINTS ( 400 550 1 10 ) ( 400 550 2 10 ) ( 400 550 3 10 ) ( 400 550 4 10 ) ( 400 550 5 10 ) 
POINTS ( 400 600 1 10 ) ( 400 600 2 10 ) ( 400 600 3 10 ) ( 400 600 4 10 ) ( 400 600 5 10 ) 
POINTS ( 450 400 1 10 ) ( 450 400 2 10 ) ( 450 400 3 10 ) ( 450 400 4 10 ) ( 450 400 5 10 ) 
POINTS ( 450 450 1 10 ) ( 450 450 2 10 ) ( 450 450 3 10 ) ( 450 450 4 10 ) ( 450 450 5 10 ) 
POINTS ( 450 500 1 10 ) ( 450 500 2 10 ) ( 450 500 3 10 ) ( 450 500 4 10 ) ( 450 500 5 10 ) 
POINTS ( 450 550 1 10 ) ( 450 550 2 10 ) ( 450 550 3 10 ) ( 450 550 4 10 ) ( 450 550 5 10 ) 
POINTS ( 450 600 1 10 ) ( 450 600 2 10 ) ( 450 600 3 10 ) ( 450 600 4 10 ) ( 450 600 5 10 ) 
POINTS ( 500 400 1 10 ) ( 500 400 2 10 ) ( 500 400 3 10 ) ( 500 400 4 10 ) ( 500 400 5 10 ) 
POINTS ( 500 450 1 10 ) ( 500 450 2 10 ) ( 500 450 3 10 ) ( 500 450 4 10 ) ( 500 450 5 10 ) 
POINTS ( 500 500 1 10 ) ( 500 500 2 10 ) ( 500 500 3 10 ) ( 500 500 4 10 ) ( 500 500 5 10 ) 
POINTS ( 500 550 1 10 ) ( 500 550 2 10 ) ( 500 550 3 10 ) ( 500 550 4 10 ) ( 500 550 5 10 ) 
POINTS ( 500 600 1 10 ) ( 500 600 2 10 ) ( 500 600 3 10 ) ( 500 600 4 10 ) ( 500 600 5 10 ) 

REGION teastore
METRIC cpu_usage

DATA 49.38104442617733 55.69309874376611 66.50578527397997 53.35411406271964 42.09893064813959 
DATA 51.3481092967618 56.1051273360112 62.18723126591405 54.340249472600384 49.74159437099334 
DATA 39.948532705268285 41.33198021457616 45.955802618384354 45.25556576255126 43.95008444009198 
DATA 37.98041536046559 30.666790088600845 30.95981720582984 35.212797580949584 38.74728641485989 
DATA 31.3550601025288 28.151759585675844 30.34014592643637 32.08145227226866 30.807746294513287 
DATA 70.3504868984477 58.84165973088394 69.4768659861567 75.24092370709778 73.08658438212565 
DATA 57.60490431560663 45.29440600167916 55.81821324953954 51.27933284198644 60.61438288299151 
DATA 39.386017204517856 43.60756863797876 46.17617026407099 45.77596036693178 34.11006285399981 
DATA 32.819225368451534 33.094651501170155 26.607449000516898 34.6477281743333 42.480156606883206 
DATA 29.864178003861426 27.598804341402023 30.783045083797788 32.33878144774461 34.32905179747368 
DATA 68.70198781522856 73.82298160534742 67.75956778672794 68.20871134966713 74.74114511553474 
DATA 62.40344744466236 49.82098532467779 51.17841091463341 66.94789940971668 63.52446614864618 
DATA 35.673810023281035 46.43791757824349 39.56231717590118 50.43326891678 49.93999796134876 
DATA 29.710192609133536 35.05663447670079 33.72760608728768 34.33714323746937 43.26095629838333 
DATA 28.131988564232312 34.03343861403032 29.7450046933761 30.209911687434808 33.34792564100078 
DATA 86.48032610940754 60.22568984143197 67.77527182586283 87.1021194992786 72.89206763376235 
DATA 53.96509463176828 45.95257495913543 50.91713820944371 74.80534855434267 48.85920477017124 
DATA 32.79711965930698 36.58473625200536 42.27534533653816 54.47497711429684 46.55681278926851 
DATA 38.01111800157969 29.880481232222344 35.16511151293843 38.3235667571932 37.93549779028364 
DATA 24.85794513491572 32.29734135624266 26.841892237738996 31.341981246247983 30.485629032445523 
DATA 71.05412409536476 70.38677228910437 67.06753130784439 61.53622095392917 75.18995381890176 
DATA 56.14067732270908 53.1367274832398 54.35575127435995 60.010060679130746 58.25105888522327 
DATA 33.165308997067015 46.178716864661496 49.0481366819654 44.73402031394921 47.31276261375267 
DATA 31.159715368719468 28.95864302423818 30.59281808995412 35.40814233506356 31.09688449121156 
DATA 28.53685498678706 29.828924815981072 25.9537654739013 28.25575307315858 30.477101672417348 
DATA 72.41524144463855 49.65812530259816 68.65751937481801 79.58092140061856 68.18080996439322 
DATA 52.75149260434284 42.38685930194215 55.25798521929856 62.084085339504895 55.58195198191394 
DATA 28.57768202324798 34.68861377193423 39.08804687085814 42.33710976874937 38.72372823699144 
DATA 24.860989104519472 30.683211057849828 29.465689830317245 31.94587725939993 31.434482161048752 
DATA 24.312918560347445 25.48430022616669 22.87964351057319 34.369729739906745 25.935697646193223 
DATA 63.799003349773386 47.767946165814045 78.15765972913975 45.51685274725652 73.35742910654446 
DATA 50.91884693742461 50.56163896545899 59.4111899549405 67.95106389061765 46.530852203622686 
DATA 30.24436481360216 35.12155233995921 31.376092907163947 42.14841514434304 37.23222732163308 
DATA 28.087755675646623 26.326831761227396 19.822177410937787 39.09266229017941 33.23841400488873 
DATA 21.75358943526172 21.664832537417052 24.49645173540292 40.52558576852248 28.448350704074095 
DATA 70.12381757395914 74.56949915700174 66.47301685264911 78.63597995834542 62.35888919688364 
DATA 38.943187770514434 35.95032557450684 49.06740081784495 48.43236644286443 55.0312147841562 
DATA 37.79622325346443 35.360238858837164 36.81733089265067 47.76521389491615 35.903183092647815 
DATA 25.321554021673457 26.51903187885688 27.354112538066623 35.60271997642162 28.647098169409773 
DATA 26.420261354835016 23.52407755043221 20.34877673760326 31.978791100251076 30.08372108788161 
DATA 67.31065335889969 76.74646188686454 70.23906206839521 71.9997584189177 67.55001265959811 
DATA 44.03683992881378 34.451630320817884 51.19149348253441 48.70810868634968 54.9938890545126 
DATA 38.75086395411701 31.725943924789316 31.58353594608816 47.683220778410046 38.40297546618946 
DATA 25.36806949031357 29.287878575647373 22.614251778754337 28.662478818412417 31.338847741824924 
DATA 20.70882670075414 22.10151691604548 27.1372056607808 29.79029381026519 29.52445459257411 
DATA 59.692106966917486 71.8749908854586 66.53158400037076 73.71733282392057 65.67904464451799 
DATA 48.08269637721688 51.71657400754061 40.22496607103106 46.44463311744403 54.55262637281976 
DATA 36.253942658729805 26.65452116597874 33.63571873532116 42.68775488340032 35.153389132632306 
DATA 27.6319900271276 27.000523830485047 27.533075524664728 29.515900141110595 34.63481036709774 
DATA 24.191847561761552 23.343283375319796 21.80155176378313 31.234180424566496 28.013918685223764 
DATA 57.7555474998039 69.6404946060942 65.13722936644912 68.45665779314287 68.97672086273873 
DATA 35.221582072426635 47.864279670683686 35.51518189395263 37.98312208066351 46.66962778840849 
DATA 30.751967760028176 28.794100895796323 38.24590131428409 33.556689894061094 37.0189674429672 
DATA 24.722483442132077 25.886017785358213 25.220469464891377 26.367239196853525 26.81266658855532 
DATA 20.37689045689077 21.79732539582744 20.945148034245847 23.75098759109549 29.921784404715503 
DATA 42.93711016967395 73.32914963809209 51.97167390075854 81.86130168573135 64.06787346790283 
DATA 44.878487955195965 50.270601690811255 35.64902664162819 51.347458295202976 47.94474758446473 
DATA 24.12853915157156 28.86119928561404 26.448075558214665 34.81301836996038 32.05418625217994 
DATA 24.122381224127626 24.36266921262719 27.08469215780242 26.50151822524183 25.3041355894491 
DATA 23.16140420747864 18.966899137225614 27.306259106421727 27.099988790146718 24.7381984612868 
DATA 66.08309971664836 75.73400394079825 30.156126025925 76.81734491620989 66.12571146124043 
DATA 45.73813321658691 38.43365612907559 43.750308705989646 56.15447610768238 51.79247510117322 
DATA 27.34129767638538 41.27298844734224 31.797582370535363 32.32793198068602 33.73341865394288 
DATA 21.474632220217057 28.332288843722075 23.583698861780963 28.78102551444457 28.313403197310265 
DATA 20.95904579471648 23.571530051792795 20.859671571658364 23.98504000785166 27.734350415770145 
DATA 59.88598397894765 54.83451139355971 74.15110137434515 63.16588177356907 54.88921725176184 
DATA 35.47110607869046 38.56071294895409 45.90929264576855 47.34151545059023 46.80803673740107 
DATA 24.258913509774004 35.18764299436707 32.649804707855445 27.594114292291625 36.44091924195515 
DATA 27.103047541749493 26.984279845207443 23.73756620061169 29.841353053566195 29.80861114680075 
DATA 20.234843934153773 23.658023423967187 23.33168245474125 24.2860321900154 25.618466072021118 
DATA 61.54701567120908 51.89079176788382 74.48982524313475 70.30176271722497 65.3670455019611 
DATA 42.24473854382179 41.13043220570077 42.23093418225943 45.2949325765671 47.80013803287981 
DATA 30.67281440613622 27.10926849637081 22.169150675650435 30.54474502362717 35.47626701699435 
DATA 24.116384569815907 28.76900159930475 23.57574947229947 32.12248041320633 29.59294131139112 
DATA 21.21565931911201 20.654395165874185 21.08376856936368 23.716771388015196 20.158696688749625 
DATA 61.55398991243317 65.03032327121493 65.00950179891382 77.17363650390423 61.45104403352203 
DATA 36.935226047173984 37.83234378458689 44.31479379269711 46.70674815184911 39.755382344454766 
DATA 25.713806001885796 27.69393018371777 27.94056038562624 32.56964857958447 29.847844511378305 
DATA 18.943068102902664 22.499927693927724 24.43762837538471 22.796762428952302 25.723117042631223 
DATA 17.767451559391564 21.38495649018339 22.662260159361317 24.156371777826127 20.010689603976022 
DATA 64.6986474638634 75.69547238619647 58.18333811357432 76.69514096725925 59.58207741805981 
DATA 31.34459677170596 44.094436823349945 39.90925806521189 45.85485658577359 43.78733507978141 
DATA 29.16862876878227 32.26574618764936 30.93537131117787 32.707170742214814 25.86508474550189 
DATA 22.812703307952223 18.705360935758645 24.96534239589544 20.44431141696069 23.545519963180883 
DATA 20.09826807885757 18.46979570530312 23.20871589827514 19.521067152415306 21.05860833983779 
DATA 59.57845737328864 75.15099499202226 56.43393137313646 76.28471853201016 65.17921249296033 
DATA 41.27797947690856 43.17428073048816 32.624328910863554 40.898234208128166 45.4435479658859 
DATA 28.86581154423063 27.344708164148383 25.626551486605614 24.861779788126466 30.596158069829634 
DATA 22.565607010224657 24.52654331302861 26.734907579439582 27.30561967715305 25.24866218538131 
DATA 17.635308455172158 19.90153126385541 21.79330679113948 20.29917494908417 20.530131323843484 
DATA 58.94784937392719 57.032239393533054 72.26869127748299 84.14897090450275 77.57303131878278 
DATA 41.092799493949805 46.26988256427991 37.03356492457359 45.02773686281444 53.59469556557466 
DATA 26.365065199372165 30.919388592943672 27.55116424444489 33.24587536410229 24.810576458796643 
DATA 18.438485734629875 20.89592405533548 28.17655352573053 26.71953759102496 24.951602821752 
DATA 20.745943394932223 20.587372895934944 20.987764648963715 17.50611034318397 21.634434691882017 
DATA 56.55175719453579 73.65309980155398 70.42607116411757 66.56442930815737 68.6461977143442 
DATA 41.700517427452304 43.91566865049627 53.27083193202062 40.71199795536551 40.977682170788974 
DATA 30.210642148113592 21.01705514244029 27.348315972328567 28.9426191185176 28.12651118289177 
DATA 21.878352507131225 25.340842463710377 19.82670623062677 29.4271193967928 26.57539655380855 
DATA 20.562338405666768 16.32995067089642 20.76445617674221 29.509872738008887 18.1522859335667 
DATA 57.192646378934285 60.173183134937965 66.29806908797607 60.63267774597824 56.76901619787078 
DATA 36.222030613202826 34.88286376524586 37.16377225006932 40.275816216029256 38.65072575291893 
DATA 27.07871355493721 19.85517509564988 26.49844964028306 25.530066027591413 27.32136984811875 
DATA 17.730416060920888 25.69707119581909 24.373023700558424 23.818806084245185 22.992208153624254 
DATA 19.37797878326278 17.42752338331911 16.873640762943328 20.05695470755233 17.925746281124677 
DATA 54.810968763006514 79.78107405505166 63.12321529714984 68.54912962907254 64.81933345591338 
DATA 40.29742947787764 47.80878070936343 33.82866199106216 45.70216714874551 36.05027731705445 
DATA 25.50115368261347 26.943223038080227 26.755394033292884 27.531532991913547 26.06986312620848 
DATA 21.819792117398197 21.49647662695001 24.1945299756377 20.75314392892913 19.25539944461907 
DATA 16.309353394002255 20.532523234697965 27.392380241615875 22.12498932331852 18.527692781681388 
DATA 63.12341984056726 51.6759898492636 62.23624560457574 64.52373829811968 58.02841131194656 
DATA 32.53506950832164 33.655086411560845 40.514180887319455 39.56999319236259 33.9799980046561 
DATA 23.22959846856379 25.44830466709548 39.203884043164784 44.88468463174486 25.0967620524762 
DATA 22.07326263490917 19.72529346456891 27.09802369582164 22.301716356188415 24.004200852344017 
DATA 17.445221243048675 19.362576864849004 19.04222186678958 20.28533150157848 22.61199733143957 
DATA 70.97512251696294 47.99199486966325 57.3975189263851 60.24404676385671 57.71137679997178 
DATA 41.74827513319977 33.202268159760095 45.67105204101787 45.77017829142622 44.23628671972556 
DATA 20.39094173499208 21.680808837994757 30.950372338872068 32.90148933820393 27.338237579742422 
DATA 22.165812836084797 18.78748721299785 20.80423925820713 20.54804602670805 26.574992434109355 
DATA 21.246539154306014 18.852179293534444 17.088278732924618 18.93924851981077 21.171430049921295 
DATA 63.45103798871237 64.49281314946533 59.50455309429064 68.00595135427862 74.35080418808558 
DATA 36.63243209070073 33.38163526535723 37.81255473498208 46.12946528488684 30.850467415132016 
DATA 24.91446382320319 27.0460005621136 35.557223218882484 27.439798586965 32.37780848288105 
DATA 17.287278858292662 19.93593526229444 21.084120155709986 19.403932370585 25.72845714638108 
DATA 20.335045669860648 18.6489397443947 20.81814417426537 16.504443026209284 20.265241700811217 
