PARAMETER cpu_limit
PARAMETER memory_limit
PARAMETER number_of_pods

POINTS ( 200 200 1 ) ( 200 200 2 ) 
POINTS ( 200 400 1 ) ( 200 400 2 ) 
POINTS ( 400 200 1 ) ( 400 200 2 ) 
POINTS ( 400 400 1 ) ( 400 400 2 ) 

REGION Test
METRIC failures
DATA 0.0 0.0 0.0 0.0 0.0 
DATA 0.18007771775187187 0.18007771775187187 0.18007771775187187 0.18007771775187187 0.18007771775187187 
DATA 0.0 0.0 0.0 0.0 0.0 
DATA 0.01905306277984186 0.01905306277984186 0.01905306277984186 0.01905306277984186 0.01905306277984186 
DATA 0.0 0.0 0.0 0.0 0.0 
DATA 3.3559689006987505 3.3559689006987505 3.3559689006987505 3.3559689006987505 3.3559689006987505 
DATA 0.009527439024390244 0.009527439024390244 0.009527439024390244 0.009527439024390244 0.009527439024390244 
DATA 0.0 0.0 0.0 0.0 0.0 
