PARAMETER cpu_limit
PARAMETER memory_limit
PARAMETER number_of_pods

POINTS ( 200 200 1 ) ( 200 200 2 ) 
POINTS ( 200 400 1 ) ( 200 400 2 ) 
POINTS ( 400 200 1 ) ( 400 200 2 ) 
POINTS ( 400 400 1 ) ( 400 400 2 ) 

REGION Test
METRIC average_response_time_ms
DATA 6.542676851544177 6.542676851544177 6.542676851544177 6.542676851544177 6.542676851544177 
DATA 5.590654914225716 5.590654914225716 5.590654914225716 5.590654914225716 5.590654914225716 
DATA 6.496705468922151 6.496705468922151 6.496705468922151 6.496705468922151 6.496705468922151 
DATA 5.642278746307503 5.642278746307503 5.642278746307503 5.642278746307503 5.642278746307503 
DATA 5.789159573427106 5.789159573427106 5.789159573427106 5.789159573427106 5.789159573427106 
DATA 5.820686940262346 5.820686940262346 5.820686940262346 5.820686940262346 5.820686940262346 
DATA 5.611566310975903 5.611566310975903 5.611566310975903 5.611566310975903 5.611566310975903 
DATA 5.8192481203008 5.8192481203008 5.8192481203008 5.8192481203008 5.8192481203008 
