PARAMETER cpu_limit
PARAMETER memory_limit
PARAMETER number_of_pods

POINTS ( 200 200 1 ) ( 200 200 2 ) 
POINTS ( 200 400 1 ) ( 200 400 2 ) 
POINTS ( 400 200 1 ) ( 400 200 2 ) 
POINTS ( 400 400 1 ) ( 400 400 2 ) 

REGION Test
METRIC cpu_usage
DATA 0.027210555835320463 0.027210555835320463 0.027210555835320463 0.027210555835320463 0.027210555835320463 
DATA 49.58735713560055 49.58735713560055 49.58735713560055 49.58735713560055 49.58735713560055 
DATA 22.90297607119191 22.90297607119191 22.90297607119191 22.90297607119191 22.90297607119191 
DATA 34.2513712888163 34.2513712888163 34.2513712888163 34.2513712888163 34.2513712888163 
DATA 22.137421177977696 22.137421177977696 22.137421177977696 22.137421177977696 22.137421177977696 
DATA 15.694183423158686 15.694183423158686 15.694183423158686 15.694183423158686 15.694183423158686 
DATA 12.817263067142996 12.817263067142996 12.817263067142996 12.817263067142996 12.817263067142996 
DATA 20.411727842124204 20.411727842124204 20.411727842124204 20.411727842124204 20.411727842124204 
