PARAMETER cpu_limit
PARAMETER memory_limit
PARAMETER number_of_pods

POINTS ( 200 200 1 ) ( 200 200 2 ) 
POINTS ( 200 400 1 ) ( 200 400 2 ) 
POINTS ( 400 200 1 ) ( 400 200 2 ) 
POINTS ( 400 400 1 ) ( 400 400 2 ) 

REGION Test
METRIC memory_usage
DATA 0.0 0.0 0.0 0.0 0.0 
DATA 0.14489177936592487 0.14489177936592487 0.14489177936592487 0.14489177936592487 0.14489177936592487 
DATA 0.13889339982179544 0.13889339982179544 0.13889339982179544 0.13889339982179544 0.13889339982179544 
DATA 0.013314385100054015 0.013314385100054015 0.013314385100054015 0.013314385100054015 0.013314385100054015 
DATA 0.09669406526912355 0.09669406526912355 0.09669406526912355 0.09669406526912355 0.09669406526912355 
DATA 0.17008587486260635 0.17008587486260635 0.17008587486260635 0.17008587486260635 0.17008587486260635 
DATA 0.11143792866710976 0.11143792866710976 0.11143792866710976 0.11143792866710976 0.11143792866710976 
DATA 0.06635604629344027 0.06635604629344027 0.06635604629344027 0.06635604629344027 0.06635604629344027 
