PARAMETER cpu_limit
PARAMETER memory_limit
PARAMETER number_of_pods


POINTS ( 200 600 1 )( 200 600 2 )( 200 600 3 )( 200 600 4 )( 200 600 5 )
POINTS ( 200 700 1 )( 200 700 2 )( 200 700 3 )( 200 700 4 )( 200 700 5 )
POINTS ( 200 800 1 )( 200 800 2 )( 200 800 3 )( 200 800 4 )( 200 800 5 )
POINTS ( 200 900 1 )( 200 900 2 )( 200 900 3 )( 200 900 4 )( 200 900 5 )
POINTS ( 200 1000 1 )( 200 1000 2 )( 200 1000 3 )( 200 1000 4 )( 200 1000 5 )
POINTS ( 300 600 1 )( 300 600 2 )( 300 600 3 )( 300 600 4 )( 300 600 5 )
POINTS ( 300 700 1 )( 300 700 2 )( 300 700 3 )( 300 700 4 )( 300 700 5 )
POINTS ( 300 800 1 )( 300 800 2 )( 300 800 3 )( 300 800 4 )( 300 800 5 )
POINTS ( 300 900 1 )( 300 900 2 )( 300 900 3 )( 300 900 4 )( 300 900 5 )
POINTS ( 300 1000 1 )( 300 1000 2 )( 300 1000 3 )( 300 1000 4 )( 300 1000 5 )
POINTS ( 400 600 1 )( 400 600 2 )( 400 600 3 )( 400 600 4 )( 400 600 5 )
POINTS ( 400 700 1 )( 400 700 2 )( 400 700 3 )( 400 700 4 )( 400 700 5 )
POINTS ( 400 800 1 )( 400 800 2 )( 400 800 3 )( 400 800 4 )( 400 800 5 )
POINTS ( 400 900 1 )( 400 900 2 )( 400 900 3 )( 400 900 4 )( 400 900 5 )
POINTS ( 400 1000 1 )( 400 1000 2 )( 400 1000 3 )( 400 1000 4 )( 400 1000 5 )
POINTS ( 500 600 1 )( 500 600 2 )( 500 600 3 )( 500 600 4 )( 500 600 5 )
POINTS ( 500 700 1 )( 500 700 2 )( 500 700 3 )( 500 700 4 )( 500 700 5 )
POINTS ( 500 800 1 )( 500 800 2 )( 500 800 3 )( 500 800 4 )( 500 800 5 )
POINTS ( 500 900 1 )( 500 900 2 )( 500 900 3 )( 500 900 4 )( 500 900 5 )
POINTS ( 500 1000 1 )( 500 1000 2 )( 500 1000 3 )( 500 1000 4 )( 500 1000 5 )
POINTS ( 600 600 1 )( 600 600 2 )( 600 600 3 )( 600 600 4 )( 600 600 5 )
POINTS ( 600 700 1 )( 600 700 2 )( 600 700 3 )( 600 700 4 )( 600 700 5 )
POINTS ( 600 800 1 )( 600 800 2 )( 600 800 3 )( 600 800 4 )( 600 800 5 )
POINTS ( 600 900 1 )( 600 900 2 )( 600 900 3 )( 600 900 4 )( 600 900 5 )
POINTS ( 600 1000 1 )( 600 1000 2 )( 600 1000 3 )( 600 1000 4 )( 600 1000 5 )
REGION Test
METRIC average_response_time
DATA 5508.562374533984 8078.087292390884 6033.2119863013695 7008.971830985916 4789.543048758383 4858.757714037375 5220.215644820296 5136.752579405219 4701.640494137354 5626.591171251109 5621.072797864596 4896.2127101987335 
DATA 1319.8897561096928 1415.3453657276896 1402.3928370652898 1363.060349742586 1127.1267668098735 1084.4588061354043 1136.0626818070305 1075.0803630484309 1110.352521064053 1122.8773904160992 1169.7172462240956 1127.2637915562773 
DATA 627.0484007914827 607.6433146151045 624.7322611513212 673.9767440225058 511.7749087142574 545.5336523559205 544.8851065129074 543.8735880409308 569.6938689040026 590.2123268075368 541.8039215373676 583.7432012333821 
DATA 786.9291113007436 810.3664579636388 768.2566377133 804.5560337956322 704.7635494297086 762.4575661635878 712.4787370739766 646.0695410594466 767.9762819393517 726.805795245783 716.6196829554447 729.5359076622382 
DATA 743.355029754278 705.1407490475376 701.2836520473206 741.2565760031824 615.6313483644384 638.1385521366467 639.3848427392371 586.725255775828 651.2077601125483 662.475364946032 615.2881499673139 676.8411679209328 
DATA 636.9004944787297 617.6453647341315 636.8501440820296 650.6079860799684 540.1373669583728 551.4295474057512 541.6246489822703 507.030444738551 567.001534510933 582.2199105131053 542.0840930604785 601.3925451484038 
DATA 613.8491275028383 570.2960569571792 605.4985033825286 623.1329020138335 524.6207624694649 534.2508202563378 518.9464559223115 511.8970474516696 539.7870518850933 552.2589090631125 518.3335331324826 559.258426314591 
DATA 604.3030768462327 588.8055386241523 599.031281196782 623.9101938024136 516.9260179924242 537.4064519375785 507.34664472901005 509.7163084491069 528.0122968479482 546.9637119928968 516.7442014429283 547.8051950344084 
DATA 758.1905139854398 887.3931586923576 784.0890891496311 838.6597701149426 703.8222323600974 732.541047964961 727.3643955258184 703.6620500889558 751.8374438061937 716.9006999255398 713.7583453030738 733.2815250927001 
DATA 699.376198805718 786.2181937213579 751.8967646827299 729.5286262599525 609.1562480291259 629.1827448895119 621.1363089429921 610.3123867321633 660.3049024702907 633.4906475523535 633.1303973862356 625.9567318855635 
DATA 633.566434539421 656.4218172124536 651.6920576288987 639.6450418714537 532.7931478649228 550.6246408566324 558.1994729166925 541.8659898782081 567.7422936713019 554.8241596890049 578.0049225409518 549.5922048454902 
DATA 610.7167436956618 620.1810913759048 616.419969143022 614.4040210784613 503.6931076574109 525.4390537337733 530.5547233705331 518.971356774695 543.0077956751487 536.5788694638456 533.1409720413302 528.0733167982511 
DATA 6546.37840785169 6354.745283018868 5880.949389179755 6620.755889281508 5386.049939831529 5091.232511210763 4438.353677092138 5162.78617191671 4874.182535885167 5710.937085213698 5051.648540783238 5056.178118266699 
DATA 608.149672360963 606.6212813000743 608.5886577057632 612.4937136450404 496.93143560730766 523.761501243998 523.1999181389439 512.1035460822251 533.4979584596329 535.3682131354786 523.8809888072212 524.1522548219494 
DATA 788.8052727104932 766.0309883834124 766.9933633055019 798.1745412390081 710.7761500838787 702.6522822315153 712.7645467224547 680.4702109184616 747.7446987253766 737.5104569032117 710.1996427762824 730.5777058518902 
DATA 716.0062097262763 688.8198716602803 713.1008308757001 727.9661977442267 585.7793852424691 634.062780455871 627.7060882991902 600.393655605159 655.3276274697753 644.4551960638139 622.7721625083373 626.3922957728646 
DATA 622.3581690382307 612.2147295284691 627.806577350046 643.3253669130266 520.6368649794696 556.8565687441583 555.622315739794 530.6096502448377 566.4404577668055 579.7405855187519 538.9554634444875 557.6761371864515 
DATA 591.1623562499146 594.3546867500171 604.7385571679903 616.3691103406537 501.5711916920076 527.8759843871849 539.3200313085495 510.17762371148257 546.2708869750511 565.9849683013098 520.370490342469 539.5062373619536 
DATA 589.2545914184946 589.2229220083708 599.9982013443507 619.2962272483745 491.8490954610956 522.8819235110295 527.3636168808742 515.3452859063859 540.4838160164189 554.4211129936987 523.3095377450029 540.4440333975593 
DATA 791.4648259031187 794.7665239749078 767.9872930753089 798.8026175136511 672.9422782394738 698.8784747367835 711.4990232640738 740.4542157020796 708.1704926982394 743.0781203069109 783.7733368672144 723.1421535414603 
DATA 713.8833264489392 690.5151309743395 702.4802400858622 740.0394749281844 588.7899054803338 615.018158243736 635.9143967408336 614.3636863052207 645.3194621093315 643.4965577220148 665.0199717621301 631.5945879635448 
DATA 641.0631451809421 623.3143655289836 618.6912003189319 648.9185034823587 521.1657014184702 550.3680859794586 541.0861746005485 535.0188782505669 568.0237287084826 555.6183060776177 565.8712036394478 565.3243723952554 
DATA 611.0418978013048 598.7760162212218 601.8586728786457 628.7242698911635 505.2479628536362 526.8660647452258 524.0463571267445 512.8181390986606 543.2902378547539 532.2384045937578 538.150271511899 560.8136423945765 
DATA 3881.816421587497 3327.521595324492 3331.1664203559726 3652.15691053308 2868.302053107035 2678.4587007330288 2535.234847928748 2869.9366456790526 2669.86130726583 2861.984728855964 2525.50081632653 2641.972536017136 
DATA 604.0162834669221 598.1576098809546 598.9823048485836 617.0454946972432 503.39681589569193 526.0266849780755 517.2058663884349 507.2389386046925 540.852958032454 528.3871898622514 528.2932057658252 560.8042680516209 
DATA 792.4564954439159 737.581167509739 758.0160793427738 768.2624639076035 706.1178065215707 693.3785644826407 661.5914036227994 714.4568455667624 690.6834434069688 687.1750774429739 701.1636734490822 715.1822558074447 
DATA 698.8787911531318 673.2356088500767 700.0244133382774 737.4482046780618 617.0271344932208 601.3639677288293 611.1986161226953 604.0837512654324 610.8690740482323 618.901634561027 611.4602030069098 625.0310147125739 
DATA 626.4474776107139 614.2380504538273 632.7712861595708 649.0292543405445 531.2417782353957 537.9339883328216 527.3732682664654 542.8344396378437 537.9444645914863 549.4540115997271 545.0587055033446 561.9134523136155 
DATA 602.5430135696265 593.4131636726775 610.2448810072559 633.7424975939452 515.739265053047 515.0542855567936 511.31720800051176 533.0579258257015 514.4807295650413 533.0025714757492 528.2449306640468 538.3147679936999 
DATA 603.053402768047 583.3294882694126 609.1935460766864 645.6507534458902 509.93707128881294 512.6451998402599 509.48307983493686 532.2404934687953 510.6438673850708 532.913456765611 526.9616987717607 535.9652241379029 
DATA 2401.672927495847 2192.540420750359 2191.493654928985 2318.3440217791185 1921.9567759248607 1811.5774953145776 1770.568597650085 1923.0223053045777 1719.5134837071869 1886.7446152811708 1743.1006285934952 1725.8154584054098 
DATA 1742.5405522715062 1579.7938504720591 1652.672953982424 1675.0717532490628 1457.8704025328425 1428.076463505795 1382.533718264688 1410.00061479413 1322.398082313345 1432.5688704585082 1367.544893989607 1319.02940373342 
DATA 1373.1246490997446 1242.2540547339952 1319.9415553883769 1317.008534643009 1206.0427493165555 1142.779263850949 1192.509592948809 1119.064288369952 1099.264678271693 1151.3915759890467 1117.0908212594834 1083.6938102985523 
DATA 6814.276371308018 5851.042848335389 6158.557013706621 6807.269103985617 4767.73185582075 4287.926963711529 4879.439591078067 4882.879363676536 4873.5621736608 5233.61632440863 4960.796772684752 4441.1258051529785 
DATA 3471.4116300366304 3140.8902076087347 3312.3582270572238 3367.0031988442884 2655.9592359780936 2279.769195391169 2703.6652299230504 2688.891401989092 2656.206161514396 2701.891469194313 2589.548159991748 2523.323744246548 
DATA 2260.092361025133 2143.006279310071 2061.347124860307 2252.10533043421 1866.4242105926596 1610.724749278411 1729.8296905878535 1787.7929918091386 1747.5818933248556 1734.0382104330156 1776.512639776358 1757.8318971827746 
DATA 1742.188525992377 1587.6046670725354 1560.261133295931 1766.328192065023 1534.718191980966 1271.6604610455915 1308.9950784900454 1337.6601772266424 1347.871377442927 1292.1372339248164 1358.1726872983754 1372.6830939119063 
DATA 3031.438785608256 3994.0904016064255 3450.142031523643 3458.782928344608 2620.6143570892336 2813.41286326235 2985.2671207882254 3054.813394919169 2815.104343779088 2903.6583401854323 3068.497577812765 2759.30722725265 
DATA 1445.6332556366408 1278.6483641921566 1277.2414099550329 1437.4911710765202 1301.3081528263683 1038.0196313159065 1083.2147095212122 1086.358411724131 1103.907111945 1072.000509567806 1121.3064986910338 1140.24197573717 
DATA 7383.705614035088 6300.732302201071 6639.695195672924 6820.591127739178 5897.653846153846 4806.936559679037 5023.221523809523 5335.17121181054 5121.755049918737 4852.84612150515 4826.692201108472 4882.342345924453 
DATA 3907.9437716599823 3134.3551368262074 3606.280340788072 3275.0740054321777 2932.989863479229 2419.2585287983725 2824.741350081983 2819.6987145377657 2815.65667756387 2458.941429192952 2500.664437106652 2764.1460092095167 
DATA 2362.185350566905 2001.711081638281 2397.738168584242 2048.543512735435 1934.648221301213 1682.8330603317215 1827.9706463847644 1798.775773734839 1850.3919374197217 1648.7781917662792 1846.1098648603408 1851.4049792966089 
DATA 1719.5600021672433 1485.845387015025 1712.299856446811 1555.6620301713117 1469.7601776419351 1294.22534510633 1373.399117116547 1395.2057057639747 1361.761303500139 1311.943635131231 1409.9820173830024 1428.2450784738194 
DATA 1333.555023729528 1244.5848321558296 1355.3504769005322 1270.3397606544377 1173.3820450570938 1074.8055407757745 1117.9279408840878 1139.2228620808849 1083.2016503232076 1088.5600264422994 1143.283451468248 1152.473850317222 
DATA 2364.091395501201 2192.610997159988 2428.295883909829 2335.7576313594664 1984.8766261015528 1935.9696204593583 1868.5121471278287 2226.288051686525 1857.8115136697045 1990.421705860396 1843.3783746556476 1865.5160878063448 
DATA 1614.2303287010598 1624.6638583054091 1740.7266513253217 1685.6317432225887 1454.7204336671357 1430.2037745437096 1425.5123009508534 1546.7368725105655 1403.825008083904 1431.06294215261 1397.5327978580992 1343.6776430512186 
DATA 1212.8493839384705 1173.3392177429464 1250.4755102183797 1205.8416621528545 1051.1366660506376 1035.6359196333503 1003.2935758001236 1148.1707507383571 1000.0945965883942 1013.0614819293376 990.0641053861392 959.8971342712744 
DATA 982.6869163952224 921.1059544215178 973.942823732622 992.4601173641172 850.7713025383842 846.9200737121797 800.2394453323953 902.596335667923 806.868812092979 837.1246121123186 808.1758748495788 782.0267800784683 
DATA 2076.918633734563 2364.1199226570857 2225.197127175056 2338.371551334238 1821.2948472288756 2009.638837184488 2047.6599886182828 1949.728670107363 1941.039978946137 1897.3899149042809 2048.147383254213 1800.0150665615597 
DATA 859.9011324885938 802.4918790211052 821.6357986202906 871.1421721190457 736.6769753361856 731.0349291017949 698.4329917370728 762.0092491120436 700.9955330018017 729.78688430306 717.5382229361527 690.8754500953768 
DATA 2467.876331541037 2219.761073451574 2186.317249029395 2419.8722176422093 1892.4329130000908 1944.790763968073 1749.1132142603003 1849.5626555409165 2006.632226980728 1841.046123566661 1910.41075066604 1839.9985029006305 
DATA 1676.8338644431603 1606.8525758069777 1612.1040642998928 1721.3639246878777 1458.733464927741 1519.7797553662083 1368.7720432182134 1336.1547075075714 1463.7368451901236 1373.1478296422488 1464.1329376419726 1368.2810130167763 
DATA 1208.3347475285743 1157.799364420954 1200.6464170861773 1245.33613393251 1048.1317900194124 1083.9064360423215 1017.8279421055654 964.713610549778 1046.5702682075882 1053.296837865786 1039.8378301953485 1017.5653165490952 
DATA 970.3465526643964 919.898436347544 967.5276650280229 977.337604090071 832.6646073457366 851.502088236767 814.9438511928417 786.2632963115913 858.6867759917078 873.3230013736264 832.4360791405797 848.2175321385496 
DATA 850.0121517060815 794.7747161359812 853.7861448951683 859.6372107525942 730.1551647831593 732.0990708514468 698.6230758302177 694.5650420161008 745.0733879618862 753.0161486828716 731.8625369175993 731.8656526268527 
DATA 2413.469411515665 2181.635561380516 2135.4351867500422 2435.720118694362 1901.287107164621 1928.0821038251363 1878.9403947471887 1861.2344752072584 1890.6083370820213 1899.2654724441215 1962.570863201912 1866.731317879721 
DATA 1662.6045942710412 1594.663080381366 1609.4668985120609 1720.703344304468 1479.7464936623417 1365.8148689582508 1400.391590824857 1403.8250976300912 1541.3534366932868 1404.2980963834218 1471.7652424670434 1419.821504456328 
DATA 1243.187161968782 1112.3229141381134 1195.9909997816476 1176.8066055784916 1060.0731333890078 1022.7203642733648 1044.8329633115643 1001.1378319761488 1166.7025901942643 992.9746513473264 1039.115027145312 1020.7688666400144 
DATA 960.1784159124132 886.9891305872288 989.6081258719828 1008.8098751441652 837.5195263820707 807.1439279322352 810.0563875305623 820.645225030287 939.2944965599148 819.1420257553244 860.5823199782595 816.144945236397 
DATA 1534.4321080784528 1720.758309238607 1681.6669020145782 1701.8424938194034 1391.47574290166 1546.5330109643676 1497.8610943689912 1428.574919093851 1402.8087708883154 1466.1416691625996 1606.0457417409873 1424.326813389083 
DATA 828.991495156511 780.0224607325966 862.0794505491532 922.3765396494358 721.8552984287066 687.6654430303571 704.9511284789062 707.6730888349765 763.885433119884 729.7277096622371 758.0848630588345 707.8426988342453 
DATA 2269.4803135253374 2148.069104170563 2214.3181099595995 2473.582832201746 1743.098734177215 1774.3379797474686 1886.0588150289016 1767.5046536529114 1958.510813525276 2314.0778313253013 1798.52668673372 1761.1171831765355 
DATA 1658.3806871253164 1545.8305800579749 1621.383181421891 1790.1344270409788 1445.526601374417 1370.421338857957 1449.6724417513014 1353.941673196963 1378.5740963621538 1532.4254590341 1374.8410422469503 1366.322476879775 
DATA 1168.7223255016745 1102.1142486043636 1177.838806009506 1228.8148130193904 995.7039616602148 967.0301868659903 1048.5931362743136 998.7257099147992 975.8801938465488 1084.7121486374692 1019.7028659355352 982.164470586932 
DATA 947.6437047909772 909.3596000902374 950.3874787864352 1072.4334270746217 829.85975321829 775.7735028903134 842.3324946249443 820.0190289197302 799.487651955725 878.8486632810259 857.4103822924048 800.8458754740834 
DATA 832.0922572496587 796.1873100447457 854.6624957636465 1041.5487087103145 728.0286454568949 682.1769873724891 753.6442506839277 719.5186925262252 697.9955208979222 728.7851513894649 752.1726532844149 713.6897447446792 
DATA 2325.229248152977 2044.041384437469 2224.2323400016603 4272.270170674941 1793.5106870229006 1688.8927394913692 1829.9492461069456 2134.1793531525645 1785.907761449565 1672.4397886458587 1886.283874084212 1880.501376180912 
DATA 1567.0642856042757 1541.02315896238 1628.6847585076644 3030.274701069855 1365.3524009587677 1364.156850402321 1329.830721887766 1564.508206742672 1387.4602446059123 1262.2001962347456 1427.557251689359 1377.855511494488 
DATA 1179.4799382819574 1103.0068519294907 1148.3391866200802 2177.064213758552 1018.6435319973266 1002.7896327420208 978.737558450234 1072.744124813096 1019.88729470382 934.1486323766024 1019.8644769125864 1004.1083968600334 
DATA 976.3368348929172 915.6282756553117 918.8745485052413 1628.648499982659 799.2125071484877 788.1850529517592 813.6060747014494 847.9348211216584 822.8558649761561 816.9515123271864 818.7648193166549 818.2632002413758 
DATA 1240.731041740903 1348.7340498424917 1336.924159398609 1333.1568272858867 1113.9710205175425 1235.1590556443189 1182.6032796286672 1154.568432341461 1105.6069878185806 1148.5364658140948 1321.441802579177 1143.2947131413423 
DATA 847.7126828974044 813.7020371016127 810.6561932011545 1300.8882246086214 700.5477358628488 683.0348104671474 707.8772315197739 721.3876325501105 709.6295625981681 726.2027441022997 720.422912295241 709.0775537427753 
DATA 1349.2761133986464 1329.205598737654 1294.5315133131107 1256.6829973915103 1124.8919130685802 1087.7202625784205 1108.3338968337368 1122.879234167894 1090.2000093527872 1178.9780286232617 1243.0506019563584 1100.635326187396 
DATA 1106.7465648534687 1168.9345807674088 1091.7353480338656 1159.4462895927602 972.1823842504126 913.9456750499842 970.414296752794 944.5860821056906 928.41715254956 993.3965896876664 1017.310335696843 954.2245789439 
DATA 872.1752724939181 846.1717180268092 837.6914864030393 958.0407129607228 777.3278911738845 705.781096032836 771.3380082042911 740.4691642511492 740.2798930476678 757.7688318743079 774.548908126557 740.9589588144726 
DATA 783.2803933371042 737.6890333724227 710.8994524235225 803.4068457236444 658.6093405801316 609.1657736972682 686.9360667796719 642.7796049145378 630.3581263159928 655.4341373712779 685.8629344673851 639.2810797961406 
DATA 763.2921215282897 682.8936892664436 669.2650130310744 734.719709740441 616.7381309490519 563.0257496338164 639.3538679486641 601.2714801663177 586.0255481686917 608.6713306027254 634.1633004703241 608.0276860640461 
DATA 1845.450068965517 1366.5462265662554 1306.2654502648618 1564.2903630363037 1102.126185326901 1084.5378312270689 1220.07496382055 1192.552708945821 1121.088019559902 1151.257348913639 1142.2243850267378 1111.429341530785 
DATA 1542.3150492482912 1201.2538610723493 1129.049608121555 1247.1529096507388 954.1102950052464 958.1822187564592 978.7829445956884 993.6564199824782 946.5950407556492 976.432911248112 1028.630899262496 939.6078867617032 
DATA 1229.6571328038606 956.0536688881218 860.432859254234 929.1100308720077 744.9947826947011 801.8956813365248 746.5837213419127 753.6186897476738 733.3360359417396 766.0844091947616 774.0534706749083 734.297590714961 
DATA 1046.8761409589831 781.0471010081333 738.9812207721506 816.9192904322989 631.1595645002293 677.6314696974852 651.9554157748732 645.0637713895832 629.7256079233648 672.2295135350518 661.4619075781608 631.8590243473418 
DATA 6508.348085106383 6652.109229929 6489.5300061236985 6056.026680175616 4851.046430237985 5166.7523659306 4613.231853281854 4881.671341102114 4449.953595221687 5054.15922456981 5789.5039494470775 5088.675699888018 
DATA 1026.31560928743 714.6886038871752 678.668943874521 758.3365259529802 595.2249794006044 624.1008282739231 617.521671070086 609.3316956708262 587.4055930628905 615.2739831591268 627.2624139187672 591.6241456097214 
DATA 1510.6628618241398 1325.3832338549228 1248.0232645002936 1264.6070954907163 1094.0515025653556 1161.1700246710527 1124.7650827778973 1116.0554666205169 1080.6268065174745 1144.549714959701 1066.966895566229 1125.7210842207164 
DATA 1253.204962335103 1172.9226731663075 1051.8906127566213 1115.2120393918683 923.6137028036068 994.0822912235928 946.2218431276212 938.5184774032552 923.4792096569926 941.905613391589 916.586301803505 930.024150379684 
DATA 1010.6858844220254 881.2429994739937 819.096592415154 859.9538426257984 715.9779676026862 770.4839645070901 737.0322707723299 722.9394478489886 749.0356504760997 741.1498522272344 726.7321154380917 731.0845682775102 
DATA 872.8325335335677 747.8410610395734 712.6039390185468 733.3155166388942 615.6227487005923 656.7687771769037 632.5686716009386 617.5743852146021 662.3771526600592 652.2454630957336 623.7015875360037 637.6602098626036 
DATA 796.9492093295046 694.909092417042 663.1423926754591 686.3325792983111 583.7799266613191 613.9827249674532 595.8475522778159 580.1755259093331 614.9838506113451 615.3441758708116 591.5384261536905 607.5400961582712 
DATA 1755.696529046401 1319.177417674031 1249.8506326912209 1301.7121743753323 1450.964171853651 1085.5552340269164 1147.9008688165309 1146.879179052816 1114.007552513571 1136.7623010130246 1336.816485629645 1188.4908212560383 
DATA 1359.4948716256351 1186.6447687127074 1086.064558000436 1116.53838550605 1110.1129384353817 951.03382823316 960.7517020351994 973.8240569500848 914.336926264863 943.6505955496782 1038.989400382079 996.6476018326988 
DATA 932.6709160075536 887.5844843508462 833.5527210572623 872.74307040859 822.9347271000573 739.404864169264 734.3166783046017 750.1126215026322 730.8532245522551 729.6508981426856 768.1642679147977 758.7614438223914 
DATA 800.7090728885712 745.1910862791319 708.5634937192551 765.7853344337369 673.2696033186414 636.4473998135609 632.7316574373192 643.4848556477307 636.7901444076413 632.8362513885749 659.6229382362519 646.3844096225774 
DATA 3195.3595213653275 3558.769587769588 3689.605580497941 3599.7543809484905 2602.872083433102 2939.375401812864 2433.754258038477 2588.015723631356 2588.966137535485 2566.7531994704327 2833.725211516221 2673.606362467867 
DATA 753.2230497992235 699.9395854899932 661.9917886673727 723.9643197973236 623.1102536442343 595.0936248622437 600.2470799720646 593.6952959711123 597.8931118717271 594.36335576663 609.8102661562383 602.1956673825634 
DATA 1612.11234020004 1319.2052056449395 1257.384239371945 1299.6848041775456 1116.2773555574747 1080.675336683417 1162.883678514976 1062.1390149060271 1080.6802316357291 1099.6089360491117 1099.4479723219758 1065.8306367075338 
DATA 1259.690747282776 1126.9694439296654 1093.3588915678008 1098.7825923499147 962.0673686138068 921.5460358947552 953.468350778496 920.9878531128217 912.7946668998076 912.3081545825208 932.9273944056328 1035.7365362009666 
DATA 895.1071665789907 853.7051160587399 825.6663367470846 859.3796620242123 742.1353889203884 723.3929916897507 751.316969857262 706.6155679635433 738.6087369304614 722.4504844934002 735.0683570611235 817.887581642174 
DATA 748.0068966576554 728.4510839410555 704.0822548371069 769.3079462903328 633.8021403835485 620.7921271194707 652.4811520085118 613.1011094700774 641.6423990111888 633.2001371762345 639.7739735981891 679.2698859953382 
DATA 686.6949992816556 690.9728360164087 660.9791455656136 691.4586040904624 586.8387706484464 578.497601188924 609.1682197359451 584.3554484976795 600.9252776878918 596.3245782260865 620.7423866882037 628.8597753643855 
DATA 969.7180122116688 979.5009038976066 1098.653720508167 987.6164164250788 712.140379579871 850.817512420156 911.1579370297318 843.3113626351283 841.643065296058 746.286094523022 843.9781294802237 880.4815538001834 
DATA 848.938405530932 868.4612567156422 896.8327061934303 871.4102190392429 707.4775527027837 728.6394977669398 811.5770824151608 743.6491082148384 721.7938783390081 730.3888687505228 729.8144585145893 763.08427689233 
DATA 700.4364815037395 796.170874004768 725.9379627146209 725.2918640452377 598.2732309209331 596.244729855454 662.7822423375397 619.665364239998 605.226932428443 623.732157664112 620.9192933912178 631.9756339410216 
DATA 643.7208531225857 732.956339279452 654.4091381467431 673.7178354296728 549.3125054887151 554.2887847436394 628.1207993388493 563.9681226358935 560.4121964349017 608.9203290740082 577.5651115717487 575.8487293254553 
DATA 2060.8550792903125 2278.962759549747 2441.6884111384115 2322.0269008322757 1751.4476547659638 1811.680831600832 1775.5014006883785 1739.4683156006686 1821.536083139685 1772.1628603596628 1796.6777302035568 1779.269147276674 
DATA 637.2016748409919 688.8162183135024 630.7773917076372 653.1389707706256 530.6090217995593 537.8660482796867 590.654427885357 546.3388809163989 548.9628852092778 608.0656074713032 563.679253725407 555.6651094957044 
DATA 921.4963792823512 937.3176195613088 931.5275121492396 979.9902392132212 889.7689505580025 871.6660546461691 810.8586141089761 810.2291733723482 855.398678720445 881.5804249981554 857.7035206092592 838.6434222570944 
DATA 830.9778019621339 861.7279556742455 888.008730964467 869.942799976461 752.7007698339155 758.2407872850243 712.730598269228 703.8843890294396 756.8732164396458 753.2578240052361 742.4049507533296 738.9149670491989 
DATA 693.9655354188311 711.7446469471254 774.0096862604905 717.7181530757484 598.7993045646147 620.559853089125 594.5927837432929 598.9501815340778 621.7980473918586 640.745948951866 624.5970112088198 613.3250466510367 
DATA 643.546545486632 648.7831556626119 692.0783450844752 659.5771060288074 543.9869967491873 567.4349544970001 560.2618794238213 551.3653705077872 567.9757418360264 597.158240225721 574.4922604018003 570.1499399538916 
DATA 625.1728629898569 620.6936903481837 657.2878449780676 638.2340125460648 527.6834333286464 549.6759939461822 544.9988765997991 536.0641097971481 551.2232165017152 577.8737487673417 559.7912672479082 559.1961628044688 
DATA 883.3498325148786 940.9009087604508 932.664678764818 954.3511534640714 871.5340481502449 824.1735809390331 830.0632487609545 838.834753971329 818.0374746904771 831.5555835326703 857.7075994318182 866.2241304536385 
DATA 811.5657416402895 842.1630289028548 819.1717274061782 870.8198012056899 749.4877026532415 728.1912064785389 731.1986761565837 756.1356700152744 718.7878461010444 748.8505940693391 744.522157862218 743.1998479660225 
DATA 683.4756226319022 704.2563366008615 678.2088871278161 737.3435681024447 605.1942931275275 605.5595353143522 613.7237897258107 643.5535615691906 600.6899228428022 618.7288377692679 644.1181884905376 630.870832130237 
DATA 627.4351934520218 636.640737637458 638.4576652539444 677.9368892508143 549.1456664577094 555.0799569235605 567.5493607501003 599.9775154700347 560.1776863750865 587.3088847152703 609.8120243317869 583.8484328210114 
DATA 1633.044057894038 1763.1790408108238 1778.529225466223 1733.3541355769685 1366.703318162659 1357.930191849122 1392.958936905442 1315.7563799381178 1384.2858311160903 1365.848206383374 1406.7239296901234 1396.6241094213694 
DATA 615.918447362191 620.6489474212964 623.046213856773 673.3614521360208 540.7518945702204 539.9900480564319 552.4802213923277 583.9143329285114 542.1780262726779 576.9553461758406 595.3263706473721 572.3808173197953 
DATA 946.094288960033 912.4587155963302 922.1572807723252 1231.7973490427098 801.4738047211471 793.0650451930978 848.421304347826 780.5231673036229 818.4882475055247 869.2318506976414 814.8814337368339 819.7867338667043 
DATA 872.8070405150701 820.8808486982302 827.5835382965978 1057.3099768270758 682.1861781295313 717.0222369403774 719.7197196568309 741.8122222542852 690.9374206919888 765.3579075190154 701.6314907872697 753.9238768387333 
DATA 738.0540173801407 691.2657091969279 693.0793591967417 815.9877360433977 576.1150501397856 610.9791564046533 610.197325372571 645.3349400869508 595.5554266897245 630.7762304302126 587.107051920735 613.5952677459527 
DATA 661.3740191091595 640.0521192581054 637.8914230574694 760.2982297693246 545.6940471511531 561.5902930414667 572.2471844160755 586.112683074364 589.8326384524767 563.3498926236872 551.8790512656509 571.4957948259485 
DATA 640.9886945242604 631.2829366496978 615.4116000132535 726.8653383399001 527.7352998262485 546.7927393689328 554.9129353275838 548.8092760835694 578.2622506004653 575.4672697159317 533.7602921219245 560.2173403304128 
DATA 950.3838596953912 926.4822284618548 911.4133550157536 940.5581344586728 801.5623777743288 851.3101932164863 844.046510177998 835.6553846153846 805.7211476357207 844.7656108899963 798.295463991798 862.8015699221777 
DATA 866.4873559473878 801.5797301677961 835.5629493663783 862.256095210158 695.8644216166747 727.802702963873 727.8690914973834 724.1592662818884 705.1346306885168 777.6977240559789 692.7215077346347 780.2714157699457 
DATA 696.4432596153117 669.2075741070532 695.6946238783783 723.9350868502341 569.9067285050397 610.0429822990657 610.872027244857 590.5100889860277 589.8567533931872 658.550057972384 594.2031275489229 641.9717613662442 
DATA 641.9724223705891 624.2114677526756 636.0464730677777 670.1199551890041 522.5285822668557 566.8908558780553 562.4807828505294 546.7832244877402 554.918632309006 603.75396207779 554.2887216055784 603.7064150361969 
