PARAMETER cpu_limit
PARAMETER memory_limit
PARAMETER number_of_pods


POINTS ( 200 600 1 )( 200 600 2 )( 200 600 3 )( 200 600 4 )( 200 600 5 )
POINTS ( 200 700 1 )( 200 700 2 )( 200 700 3 )( 200 700 4 )( 200 700 5 )
POINTS ( 200 800 1 )( 200 800 2 )( 200 800 3 )( 200 800 4 )( 200 800 5 )
POINTS ( 200 900 1 )( 200 900 2 )( 200 900 3 )( 200 900 4 )( 200 900 5 )
POINTS ( 200 1000 1 )( 200 1000 2 )( 200 1000 3 )( 200 1000 4 )( 200 1000 5 )
POINTS ( 300 600 1 )( 300 600 2 )( 300 600 3 )( 300 600 4 )( 300 600 5 )
POINTS ( 300 700 1 )( 300 700 2 )( 300 700 3 )( 300 700 4 )( 300 700 5 )
POINTS ( 300 800 1 )( 300 800 2 )( 300 800 3 )( 300 800 4 )( 300 800 5 )
POINTS ( 300 900 1 )( 300 900 2 )( 300 900 3 )( 300 900 4 )( 300 900 5 )
POINTS ( 300 1000 1 )( 300 1000 2 )( 300 1000 3 )( 300 1000 4 )( 300 1000 5 )
POINTS ( 400 600 1 )( 400 600 2 )( 400 600 3 )( 400 600 4 )( 400 600 5 )
POINTS ( 400 700 1 )( 400 700 2 )( 400 700 3 )( 400 700 4 )( 400 700 5 )
POINTS ( 400 800 1 )( 400 800 2 )( 400 800 3 )( 400 800 4 )( 400 800 5 )
POINTS ( 400 900 1 )( 400 900 2 )( 400 900 3 )( 400 900 4 )( 400 900 5 )
POINTS ( 400 1000 1 )( 400 1000 2 )( 400 1000 3 )( 400 1000 4 )( 400 1000 5 )
POINTS ( 500 600 1 )( 500 600 2 )( 500 600 3 )( 500 600 4 )( 500 600 5 )
POINTS ( 500 700 1 )( 500 700 2 )( 500 700 3 )( 500 700 4 )( 500 700 5 )
POINTS ( 500 800 1 )( 500 800 2 )( 500 800 3 )( 500 800 4 )( 500 800 5 )
POINTS ( 500 900 1 )( 500 900 2 )( 500 900 3 )( 500 900 4 )( 500 900 5 )
POINTS ( 500 1000 1 )( 500 1000 2 )( 500 1000 3 )( 500 1000 4 )( 500 1000 5 )
POINTS ( 600 600 1 )( 600 600 2 )( 600 600 3 )( 600 600 4 )( 600 600 5 )
POINTS ( 600 700 1 )( 600 700 2 )( 600 700 3 )( 600 700 4 )( 600 700 5 )
POINTS ( 600 800 1 )( 600 800 2 )( 600 800 3 )( 600 800 4 )( 600 800 5 )
POINTS ( 600 900 1 )( 600 900 2 )( 600 900 3 )( 600 900 4 )( 600 900 5 )
POINTS ( 600 1000 1 )( 600 1000 2 )( 600 1000 3 )( 600 1000 4 )( 600 1000 5 )
REGION Test
METRIC cpu_usage
DATA 31.0413300749373 50.201722459241374 42.30538752316173 42.69394746011808 29.80567579315079 34.8126090563025 41.25580610666872 40.657568847735774 41.95716329511278 42.06054767904096 40.0602538296834 41.18541330584814 
DATA 61.58802675947135 60.47389770871229 60.13404476664248 61.5779970918905 60.68515890129946 59.55477566716028 59.659969059961696 59.764886328070034 59.92099144601426 59.66000727413301 59.37110461775968 61.468838365768974 
DATA 40.8612225697925 39.87879574824044 41.06011701581562 40.730077689010905 39.4212952534699 40.49871152082227 38.05841879782051 39.726700361429096 39.77061125653574 38.8892532048735 40.49370188690048 37.51563482490825 
DATA 24.283249889913098 24.35687073803517 24.94500225664393 28.232739309111956 23.878588726199084 27.02771538178132 23.249313228483047 28.527030700222745 29.564041861886004 25.976244706918635 25.780260509476708 25.88503346340804 
DATA 42.349188794011575 43.518677424330704 44.21334051021328 44.10381500586365 43.73263310381104 44.13681423456418 43.22758430275457 43.877670397663934 43.61860697430055 43.59830852014069 43.27380080126931 43.50791509888451 
DATA 45.51623866253103 45.93423786846367 45.4531945302864 47.63117715453617 46.07434380251996 45.32198414662784 44.796278945619584 46.37968025341681 45.82966022831506 44.91971038540401 45.7116137236785 44.93460605266807 
DATA 40.394680457236056 39.03466674460554 40.1839431817037 40.835776568983 40.58936014780944 39.717737292091016 39.91902027585859 39.99116005843037 39.705926892016336 39.88154896029491 39.13876034278916 38.71902674620394 
DATA 33.735768189196506 33.24234920179575 34.25463583944589 34.21741410099985 34.962765392441284 34.060610736490105 33.49990603437277 32.8079783925047 33.00792897174294 32.73086201356149 33.62448260870273 31.807885015526075 
DATA 25.008907525920836 22.260421624088565 27.78226533292084 27.193951121837024 24.26626352441737 26.16744887332072 28.66025685559524 26.9994597934271 27.772693601426173 25.354125015679934 27.118649358860463 25.008499112844227 
DATA 44.2494432152962 43.32509432952352 44.28540690501066 45.96738834387213 43.75394973078082 44.35910791962405 44.46258935470583 43.93043589277059 44.81666624872853 42.75367488938837 43.94747312368396 43.59326128856659 
DATA 46.82572494598223 46.5597956047906 47.232201094258784 46.78379969901135 46.391443782723584 47.10966532854879 46.03002176568487 45.45229638551701 45.70663110708372 45.77487971234696 46.00324670706412 46.19593664255237 
DATA 41.133427370052274 40.51278563883236 40.744485439838826 41.21824281429659 40.30256588721021 39.81746178651123 40.56478153872395 38.8919864477888 39.7384982570056 39.88657429552904 39.63211362148137 39.484337100852606 
DATA 39.308166600970544 42.00435183385162 40.66472723763232 41.59853088327739 37.54919824636078 40.62664754972156 40.454280519324506 40.3217986450175 40.89814973479622 41.00929987936093 38.47635805078474 40.78758249636586 
DATA 34.75980678594927 33.97326024670203 34.30288894887955 34.48386435920305 34.114076603335825 33.61492404718799 33.34118610848553 32.813164968421454 32.37908130120518 33.43187711552694 33.16838284246197 33.6871956596451 
DATA 23.792710765726845 25.67617820160792 26.90136928786828 26.20519114760844 27.37555806826132 24.68215669877037 24.59697910297966 26.949230646903917 28.190971048222472 24.811511545302707 27.89579138603025 24.68819857860135 
DATA 44.45256165360467 43.88944235419713 45.462300914353136 45.05489374321448 45.0190047160989 43.36352110476571 43.881405772883085 43.5905792132717 44.24806246733333 43.43063665299281 44.32018184673239 44.86546355593271 
DATA 45.7901756785679 46.327440484533454 46.76347394337549 46.7725611335426 45.62528943896694 46.05047373310408 45.490505935490425 45.4582621108207 45.941884759722925 44.900130577079885 47.00454222545157 45.75961678978547 
DATA 40.28702038276682 40.3018939596699 39.22733517225855 40.71067793428626 40.44656618501017 39.85896742416574 40.0148174300036 39.83368624378052 39.4543111778311 38.47243747791306 40.08109977022726 39.31989403697196 
DATA 35.08604554214777 34.20856750320984 33.18046008399311 34.626085788063634 33.64322821420575 32.690882854989525 33.06015775787383 33.22721636996191 33.52666068569332 32.96609054443798 33.3612879077835 33.924231206329594 
DATA 27.0386663397588 26.36435177510039 25.859747865199587 25.322385299698738 26.13625842758092 25.36878077587349 26.56264670798527 25.91046063907269 28.332497373992148 27.52059054122352 30.5505981803071 27.35667732882168 
DATA 44.80447397090432 44.69898286094023 43.681793375725015 45.41415276393793 44.0779337376075 40.91399658889688 43.33948883479304 43.16075364962013 45.53402631772902 44.44994999176467 44.59211282426119 44.86101074763471 
DATA 45.28729976885227 46.55668185411411 45.76473742317143 45.42990444846193 46.10409756767476 44.070173601433545 46.53839981223312 45.0925873365264 46.26767251021593 45.30377963254558 45.68529377508946 45.74886472906714 
DATA 40.55721067058369 40.45325987985727 39.30226932315108 39.77387569249992 40.83707243642214 39.68711373759013 39.56371008797409 38.87585949788206 38.84021207245512 38.70518823349948 39.62106473384199 39.78313495126056 
DATA 57.42614413521436 58.07770528512887 56.25528958827813 59.76724487373356 56.61186726589346 58.947729587836406 56.638093265534245 55.817130558019095 57.318557874724135 56.87759589709959 57.72363224059328 57.35056660766573 
DATA 34.94484278622963 35.03452571294001 33.31874641756226 32.80219830088622 34.721886216300696 33.6005687302406 33.25407619001079 33.530606208236776 33.03612289672684 34.10705116335475 32.78258253804627 33.784618256116765 
DATA 27.702572617403696 27.19613475781157 25.041290383528853 25.169756531635574 26.674827109916254 24.86852057347897 27.082934426099182 25.746400912159064 27.01088459345723 25.546946976927156 24.85495600115817 26.650336861234106 
DATA 45.83184782938081 44.47683820334727 44.19643991811165 44.70003730348133 43.86276111079599 43.08689304139105 43.52994836663572 43.35200253922618 45.764948339344045 45.05473739897539 42.67901835868292 44.58373212024578 
DATA 47.74763283886892 45.9108605547931 46.57709873241203 46.2626580907848 45.59740317453607 45.66319542854712 46.12314469997279 45.53473976651888 45.93054900774896 45.50668367392688 45.06675944697755 45.982196249351226 
DATA 41.29935318638474 41.194428104806725 40.05336985501575 39.02106284389878 41.19918535879696 39.63053936658011 39.39593577297224 38.97198902316112 39.85008592404253 38.86348762157615 39.23846697262148 39.75501685697073 
DATA 34.93372632383848 34.28915070104461 33.718998790707204 32.60269565284851 34.24119068794733 33.341740646066604 33.79794976536 31.480568958539767 33.11512205861763 33.75408691680377 32.5118757033628 32.90708473672564 
DATA 61.80497351843788 59.66390012830842 60.277980221801066 62.350688312487165 58.29460394765983 58.92254364784492 60.48421612911167 59.449973965293744 59.853786339832766 59.91624984455953 59.91028380073858 59.32066450383129 
DATA 62.93130135131408 59.86359420823676 60.99424070115783 62.06786372597873 58.71890878461988 59.38078861748296 60.4063326888648 60.61719420538127 61.46572629586222 60.73901115399222 59.569374775426326 60.81750229068833 
DATA 61.23460133863818 60.86932515524739 60.048563468446645 60.92087098660241 59.82724228522691 60.14177007608943 61.42576599899509 59.26500024127067 60.01584770077786 59.46400455900615 59.20386214403268 59.35482430738211 
DATA 46.21083075284632 39.67363391590831 41.35474468041211 41.37023995600465 40.16888923893937 39.43982137648758 41.188433490636655 41.31383197307124 39.60853441515883 41.37898777115106 41.51240563563631 40.866926299257166 
DATA 58.44913235615899 57.748185640066 57.13952217145935 57.59891812575837 56.64020494853038 57.64491595198646 56.59923222789787 57.02711107842778 55.59928130753065 58.23128494234789 56.9580009185286 57.061850793640296 
DATA 60.53581323944477 60.07242948645604 59.43282797036844 60.27409547719468 58.59054647512573 59.50630278644314 60.15532356029154 58.515966703433655 58.79773066279495 59.16941788864624 59.8543400580425 58.52408240536548 
DATA 61.55153281589038 61.52785068487305 60.897893292028016 61.51585826008492 62.60966812137123 59.84215373393515 59.34316149247957 60.24729308249617 60.00446428267127 60.10444243887845 61.20095868760073 59.10938744535208 
DATA 54.09235241280793 57.755440743411626 57.40703433900593 58.84901858232752 54.025104298136846 57.83601505977898 58.76729861332948 57.25500634101122 56.95696640043791 58.4670669120013 57.33658417903344 58.06626180216077 
DATA 60.89648651597056 61.84141490681212 60.66622018312512 60.86132020835842 64.14580546257676 59.64088628814072 59.20778626000944 60.06946104804607 59.52817033459988 61.26788022915742 60.775312625791386 60.153555715103344 
DATA 42.192228412223095 43.5930567920615 40.46363881375433 39.48397923042486 39.1178172402352 39.80600436856007 39.56495657034273 39.45920188651821 39.16600989231988 42.24631409599163 42.22000521458328 40.80562909535284 
DATA 57.69347684258205 56.82632256815552 56.44621485675989 58.16329698431528 56.54688867965672 57.90887389552962 55.61538232081641 58.99231446281748 57.19427435406377 58.68762500483364 57.94153658607145 56.57017830785147 
DATA 60.95877014227459 59.24280544828531 60.707881488315365 61.11182311151192 60.27195957571004 59.54971014594671 58.42770424156468 60.144840825120006 57.4659613892505 60.51456007704032 59.29370709928679 59.61965822030832 
DATA 62.65444297283607 60.52089494889632 60.73122894555126 61.79509494310104 59.66257133917463 59.56236393854424 58.44145781258728 59.90005045496522 58.83741419940812 59.95645473546052 61.71020211462145 59.7750781284473 
DATA 63.59996566839488 60.46097247959833 59.86333205306817 61.42291109620042 60.743380607709234 59.91324207098537 58.76602310903648 60.2502945649922 59.9603625453782 61.46815516060978 60.92447030736539 58.601055208611285 
DATA 34.6919491138103 33.05994276125086 36.759448420021286 24.353398639923675 33.62427413070132 33.973808405187896 33.33997259001333 37.24792206182125 26.683727498403208 34.27834816794693 35.322431791483865 35.659799260963254 
DATA 51.97526891608191 51.08820327135864 53.3410755764733 49.37805179803395 51.22913652584944 51.261478878862256 47.38680129624551 51.793553682271 51.42300710291613 52.86909546323546 51.154573921256286 48.38372609274328 
DATA 55.56464275525733 55.03735129499336 59.67818778672478 54.050590378837946 55.44708380067397 55.80509500385568 53.07269940814704 54.49642508974986 53.84930572717118 54.701889283955175 54.99723543927053 51.75275471477725 
DATA 56.95991817828014 55.0149550307806 56.6646895576696 55.93889975900135 55.11682701608371 55.16734825393859 55.73724246734496 55.28796058572095 54.14987279143881 55.17890640266282 55.334692340729625 56.27035082638192 
DATA 58.01832118753666 58.885901329763406 59.7822123878122 59.89906248079847 59.61155257760418 62.63362061184949 60.6140268038853 61.22743450173646 59.4874856807076 60.18616169306429 58.519351284596375 59.01249048987191 
DATA 55.917296421212576 52.91270751805612 55.65787680671481 55.89794303631819 55.48526386913464 55.56842579691008 55.445719927839455 54.93364243075051 55.07508131715727 54.97897890726978 55.71621655435958 55.56353406567526 
DATA 35.278187143371106 32.964665735364285 35.98435785065247 34.88506634462579 32.365916140629075 34.23080943889051 34.20511803553202 34.30893223573587 35.37918390133766 34.497622593763666 35.36396806655662 35.44551795059652 
DATA 51.55938572584743 49.96178369135707 52.01319992714465 53.46017989834184 52.73370689284924 50.9464940364128 51.8276950694145 51.429092466042775 53.8580572891443 52.1761426457737 52.37823971824847 52.72019693936833 
DATA 55.86922748370299 55.52075394102717 55.25765992849761 55.96564863613076 55.447203525397306 55.12982102744133 54.65315047150678 53.89147868603342 55.629563120437744 54.08703633296625 55.530368601728114 54.90687824503409 
DATA 55.99591661918633 55.34185785974395 55.97871997132911 55.547617627140944 55.890924658796045 55.14508287460416 55.77944304002018 55.10524670627071 54.9997936040124 54.81871190704193 56.1601101438562 55.84213742303786 
DATA 54.313509261660414 55.32373985333195 57.04071124221864 55.40648827433074 55.72592609540768 55.18024784249142 53.68896555080078 54.29562863813904 55.93630860207691 55.1163699845473 56.261820337544165 55.01352631151838 
DATA 27.8516644611135 33.68886235618963 35.52745718837373 35.74787995160434 34.23379034406227 31.92527837617421 34.59552345043301 33.83758515896222 34.23902949647362 34.12139277075066 35.763261376834514 34.10671222880995 
DATA 51.43611804691861 52.202325529713775 51.11474557613031 51.47083231582394 51.421037964944695 49.43044356907156 52.69976338304593 52.49308109996426 52.72905969377419 47.19850785380284 51.682183987238965 50.90220399359527 
DATA 54.70400313654729 53.044306273493326 55.23571399708822 54.712854426699046 54.4812674048125 54.70099407824875 54.54395251008509 54.112486588680845 55.9634504925528 54.38065920745586 55.47740492165163 54.95510571346805 
DATA 55.505628613041615 56.00111910642581 56.51579892607906 56.08556770104429 55.90510120781629 54.22603488887468 56.382400708515554 53.78068502432706 55.04290712979483 54.95120230576809 54.83706650282247 57.0046415934094 
DATA 60.5067264695735 59.61128666664391 61.58815859313982 60.637025889194256 59.4406465763676 60.52236279664492 61.4521697226075 60.25964102022032 60.01352604235293 59.87294519685103 60.12797498236823 60.63440016605672 
DATA 56.128194285821245 55.6527098267497 55.34654061433032 56.55321164575285 55.59244604352465 54.237743137462886 55.34533004204396 53.72734131353682 55.02802293941944 53.45694137724401 54.39875994793078 55.887272936697 
DATA 34.50392739688122 33.928337054590344 34.7465111610361 34.6375824114316 34.2844571356107 31.29138858683924 35.00959871359916 30.442307575950988 33.45511212236059 33.598244357982765 35.67089082428207 33.9490217087909 
DATA 52.60663746402289 51.44571755328644 52.93373566690261 52.988106549579705 52.06176145072678 53.11155877009716 51.94503577866116 49.565358625520325 51.92319794535946 53.16151191944088 52.30446397095106 51.60468468248006 
DATA 55.05837119713611 55.17345646297317 54.9139303395551 55.45498932326551 54.089782048686594 54.11947303837151 55.01063554223885 53.811009515218885 55.36149818659642 55.60360208655928 55.20337206079379 54.69251456258695 
DATA 57.17129599259127 56.667778948617766 53.19760732971194 64.33162279333395 55.115377646627735 54.55591296142313 55.86440734618803 55.96770237921855 54.5398371103791 56.00824548502676 54.774485176174615 54.67861306812938 
DATA 56.49205716623112 57.09381329778952 53.03177882169313 64.41447779848475 55.82944043440134 54.65548617879699 54.87585710277154 55.223627308722754 53.59552150698559 55.64452291465548 54.24845609234104 54.18105699939536 
DATA 34.886377506177126 34.341790463282685 34.337889006922474 38.45848923121878 30.89275700111172 33.33960683037149 33.57730362160793 35.68838401468115 34.53914290251787 33.854045098449575 34.4276709285232 34.395205772384074 
DATA 52.11161934872317 52.35145070686121 51.31394143191779 60.85382623149899 49.38297296401782 50.81324828699634 50.9270844177539 50.81476622352079 51.45189942929309 51.52563110310629 53.33742391710592 51.42146255462444 
DATA 54.53315025432237 55.549820279784505 54.77562564199598 65.1450829938698 52.11996591200759 54.13308334600592 54.88632203726799 54.41961304795328 55.73900504156136 54.2149350347337 53.15758974617536 55.1589259160459 
DATA 56.77020227206861 56.03946926803678 56.161975051545696 62.010170766996346 55.22086165956031 55.11495132979631 54.9592448992877 54.80436410642472 56.00108208526222 58.470345802400814 55.427061246708426 55.32911633278557 
DATA 61.19925447377528 61.38604877836504 60.621340331608494 61.27498097237168 59.27909437574874 59.37331793350294 60.23751458748117 58.75514382088108 59.96436806986349 60.30198481059557 59.22911330575371 59.62865091225439 
DATA 55.2437710603076 55.18157637063271 55.63635586557463 59.66777325162249 55.04568186802399 55.09513926064511 54.60375450349578 54.49714986392279 55.039828596699216 55.90224574033043 53.64975709793404 53.8085705337184 
DATA 32.14915978254615 31.45054538806552 31.000156832110505 31.211217736142423 29.170861602571943 30.073029047542835 31.685090694308258 31.206165851950384 31.46941864355568 31.399551613354397 30.098324984479287 31.849321434981693 
DATA 48.9024070002952 48.18352019874958 46.51240244436662 47.67038788871466 46.679788290160985 48.97105459575432 46.908681424410176 47.39400421180877 46.95527815520132 49.26574045726482 47.85281354966871 48.26091678453667 
DATA 52.42390811653924 51.95765234514487 51.82560507564124 51.61014981885501 50.91426980973058 51.7344098620239 51.58545675365311 51.76958339267924 51.108159856441766 52.662424981255626 51.72966536041304 52.21769320202918 
DATA 52.93784651985256 52.89566593894832 52.65303020960975 51.30735073685626 52.34142076048621 52.620989946678506 51.84072683731915 53.76158295238983 52.08938343666212 51.73979449897529 52.30596358589077 51.21548103717374 
DATA 50.18939783610952 48.78053036561008 48.2292141599763 47.123439671751 49.42658256414617 48.17543517909007 47.79662505902296 48.49069658108678 46.50813425343505 48.01658313917378 47.54256580149613 47.30462807347761 
DATA 35.506964104411935 31.933914481554027 30.509307413158176 32.95052419781865 25.97093688246406 30.2200443182608 31.586514236451137 29.40163245001643 28.484931572127365 32.59655423740716 30.741356441373608 30.75402985243556 
DATA 51.6191958479663 49.37606234862257 46.95507659313439 50.03431779640242 48.32199032875143 47.14009424618958 47.751223444583054 49.405428192601626 46.694111348308326 49.267809650874526 49.6257354180778 47.25093468035281 
DATA 65.0820390426731 52.00657513390221 52.80199003301457 52.85655320502985 51.45383697865235 52.92507627181845 52.39329495221976 52.23522287854159 50.41655399565359 52.23150425535384 50.86450948648426 51.58731902603272 
DATA 57.41747785177278 51.27567746522212 52.063634533236936 51.48928075347457 51.54783979122499 52.75389738480151 52.571509437192304 52.55252005901236 50.99753360035704 51.428199921099385 50.71008921714068 51.03651170760352 
DATA 42.32530825102552 41.43102491396535 42.31602685449759 41.37611082102536 38.5570518024712 39.64891009410188 38.83768256304735 36.30898828159416 39.94499378533828 35.92451863667716 40.15794667459095 40.893063016855336 
DATA 51.89542283534942 47.33135542971851 49.19702249823628 48.39943000044306 48.23033137014595 49.01146890088597 47.82535287846632 47.54634818538712 47.072047520600506 47.97392401672824 47.08695392036724 46.69776877478854 
DATA 32.969862898288014 30.903293501079613 29.51579123345528 30.07992309806996 30.058274992054592 32.10801860336858 31.219167175724436 30.29898830720968 30.782247140323644 30.39703009958853 36.61988099823922 31.41524267072378 
DATA 48.68022017748218 47.88678775195476 48.686037318443184 48.65774957284672 49.03121326577653 49.50790242310511 47.70027040788328 48.1476928060417 48.420031331201066 48.71468522119449 47.36260574437996 47.46765267164885 
DATA 52.60187235665664 52.43225059721939 51.718972735219445 52.08441080350305 52.120408990154615 51.90941280014252 49.97655807474429 52.3397841765124 50.67864526984384 51.90857410092774 52.58506823050004 51.01317606384248 
DATA 51.7140472932687 52.31174194805049 52.521445563816094 53.22825202264388 51.59064316226582 52.09985228198131 50.93005124869456 52.53755606315856 50.68338676509306 50.387838002079256 51.40602956837113 50.06256365738143 
DATA 48.94401758883485 47.25719846596818 48.351785171875605 48.01317936226796 48.72190926954345 47.53117038334305 47.28705838006707 47.7997376795788 47.677001511040594 46.24504445035169 47.24976936770686 47.73753871432788 
DATA 32.68089205237431 26.136299309276808 30.84330117535488 31.147884974511207 32.39783973779442 31.71317886791542 25.90864527374557 30.97847320912308 27.042224778014813 30.93169302987508 32.36482878301493 27.02023964139532 
DATA 47.80462094026581 47.38840302557866 49.47865049574731 49.83731062260888 48.12873182497447 48.22293727465333 48.76248488746496 48.70276689766799 48.64198877793152 49.20637388150388 48.70672356204489 47.51432092094031 
DATA 50.89718827042189 51.26918615071698 52.617371041451065 51.68617048602799 51.34675164725967 51.53491732433757 50.77837031479476 51.37205838352284 51.80397686672161 52.26291646849399 51.666947864705136 51.12100848755152 
DATA 53.31423791079739 51.74139302722696 52.48826813649544 52.27486961895043 52.237043148877504 52.70118938239828 52.077655907250765 52.68421041702874 51.97562849622312 50.18196380180181 52.05259811021266 49.97722032214165 
DATA 58.17203334040794 58.64045210463132 57.60061661570046 60.982133804482096 57.030162833199626 56.26722769371744 55.87758918342077 56.76088364842648 57.52690961428318 56.44364036733717 57.12045130057158 56.57339849785623 
DATA 50.32409319478542 47.98106414147767 49.32340730783199 48.22087914804811 48.90202721637499 48.69379465210371 48.822516816533245 47.5584638565171 47.79620841884045 45.83071430604776 47.736877678151366 45.75723539697251 
DATA 31.290839751318803 38.704003220566165 31.493938584685623 32.06132759508174 29.558872541380328 24.24446467424329 29.21230186896696 31.18314143433281 31.700912580370257 29.22834714996357 30.34374149592602 31.88961940800757 
DATA 46.95231607849476 49.28444309805115 48.326124951262415 50.00375428476369 48.47320049395119 48.09537568168534 48.005615262612686 47.95848404654752 47.64028610175684 44.56170073583458 48.550782041114765 49.02639993982528 
DATA 51.81239440984052 51.993520545806064 51.22474225473741 52.571117668752 51.65369941936132 50.713141756803886 50.52552296965719 51.17101163306786 50.86526264188477 50.93364698453964 52.16334595525163 51.68693553276413 
DATA 53.45263934945695 52.71490407173136 52.09093728331702 52.25358709955731 52.1590379644922 50.67043213428854 51.44439147323888 51.81950468709129 52.09601781527007 50.59914210301785 51.33619274857029 51.79188403393831 
DATA 49.387557923337134 47.41021766747703 48.234476907692745 48.574033415208696 48.438726285003725 46.928502831570015 48.40488132940362 46.18246137920963 48.06195354620486 48.03487883987982 46.70624088233141 47.0370918882627 
DATA 29.58934121508399 28.27892604951423 28.94083301446096 28.640539842486184 28.00820511516869 26.606974525487825 29.69604503609709 27.455382129886125 27.098590038002158 26.32427297073438 28.040282726467783 27.554047580857983 
DATA 45.85210473580248 45.82735731698547 46.44611656485343 45.92486399239651 45.41493381129927 45.16512698178168 45.42876062424596 44.69544938873621 46.007052625736456 46.22344789615844 45.589053450164414 46.30046789429674 
DATA 50.03206771596091 49.85530059922635 49.7341198899428 49.81306375041822 49.04942122719365 47.9069367881139 48.81386460522629 48.33382562911631 49.37631660512124 49.01399350815845 49.20009565839579 49.22069947232311 
DATA 46.52664652745102 48.36338351688493 47.23558723072159 47.48495334875875 47.764811516411626 45.46682851714986 45.36363762598238 45.238687293252575 46.03131475795714 45.24370904383232 44.98275248706032 45.66754746583823 
DATA 58.948486716131136 60.16364820378243 61.11163290524528 60.94020025758662 59.68532070783025 58.55684235688761 59.10880204851819 59.89762428158661 59.222046331958914 59.76963456280302 60.136050347858166 59.35148386864437 
DATA 41.16777670310497 41.26185431302604 40.63500131172356 40.76452146283168 40.710949890919125 39.67906419614537 40.2610302278969 39.841613651261575 40.19289620166741 35.87379888861312 40.06731546532792 39.41515635681455 
DATA 28.1273556342061 30.09146976941061 27.913930521809203 28.53421948565041 27.99805795040331 27.17960853767053 29.04703739797632 27.247138023886063 29.825954360622298 30.439022697498828 25.496412455571303 29.625640917240013 
DATA 45.00264787686405 45.378912849754414 45.03162837283181 46.8241418890524 45.59994447001021 45.19664931922278 45.93947032889859 44.74013019965662 46.03830803770935 45.30241402390867 45.49667380402028 46.33329737225703 
DATA 49.494573474816775 49.5943016057227 49.89143227679221 50.440826762969664 48.883145541614695 49.059043862026975 49.4893150004299 48.67939938082628 48.61628387317125 50.279003241612266 48.76221285405016 48.93625168873372 
DATA 48.31774458221733 47.75765642476348 46.74872108433748 45.85925431103266 45.92629855825056 46.31402696931289 46.69520261132352 46.97405826217334 46.14895068101417 47.13116096370956 45.50754925495341 46.18768301864896 
DATA 41.66094328777649 41.21277810670805 39.410286843384334 39.92005972717234 39.76706966758111 39.13855589822286 40.07432065905824 39.820501214554255 39.305502212858 40.59269033120849 39.15230450569361 39.47130745140002 
DATA 29.578344360515263 29.21619115817439 27.18740318079436 27.20734658159729 28.23709936252589 27.16076010318436 28.201157365477773 27.408043814311483 28.955783401594378 29.89962988297212 28.739757403891268 29.28813200907503 
DATA 46.48393669512911 46.49779756683056 45.00728005706341 44.05503234509322 44.760142055924725 46.3334957642502 46.06113523616038 46.34639850325438 46.60722763616705 45.02432361396856 44.379876277594335 46.35034645361384 
DATA 50.30411610103711 49.70072126752051 49.30178768767042 48.81230694049157 47.89497314598854 48.93194491294414 49.68543116669292 48.5967949622803 49.423425837242696 48.78071544184805 48.75426548255071 48.79926864657477 
DATA 46.987368408836 47.60284002132452 46.33422365200121 46.67393449566297 45.04652138534043 46.82775662247588 46.61732571326719 45.7991791398503 47.06407843293842 45.52461316500898 44.563088271584135 45.22609243156439 
DATA 60.581904926066336 60.39851245550836 60.25976748735863 60.76301664720912 60.1715328289537 60.7457571839153 60.435275735028696 60.1096873652499 59.988051997951246 60.358445773436806 61.3904694160152 60.43452413568669 
DATA 41.65525240078684 41.719768029076384 39.92858751509879 41.71615425105196 37.48813589316553 39.164507384249646 39.3944487992853 39.34910460411412 39.0316300519822 38.71322693411052 39.034145923078455 38.70385480348023 
DATA 29.077167166349607 28.29286131390149 27.43613913205551 28.344265606275236 25.077678804411992 29.338831716359984 28.056633391638925 28.32553734868929 28.50149679107098 27.529807761621523 27.540265796025302 28.617806894418692 
DATA 46.3426378557366 45.904381888930544 45.04524360851856 52.98287313703793 44.54911288482644 45.21796883643548 45.85341740067242 45.51564042481471 46.357416514068746 46.23961179090599 45.17201137155605 45.38609924928606 
DATA 50.5626575818047 49.58258386674836 49.63258072033762 50.56816368523183 47.96318218175558 48.43319818872765 49.137203009127504 49.603885848368655 48.761658427607294 49.57930176078676 48.78186735569987 48.40205478815418 
DATA 47.27244147515516 47.78345500186242 46.90312672370251 49.35068927627213 45.80287732377361 46.04184941955016 45.76778427077022 46.9569751091326 46.408857430835496 46.14909964290192 45.94188897801048 46.1183192843534 
DATA 41.41683918524284 41.42888875232687 40.58183755988586 41.78049003724407 39.87220325724751 40.7942070885204 39.8728164315934 39.17718044177059 41.08943463689423 39.87513947455823 39.39908394948362 37.845618658939074 
DATA 28.809930356277302 29.289680223030857 28.90316288653276 28.86887773194024 27.165315727438557 28.34012309957851 27.188737110269138 29.671183635794414 27.79799053840967 31.159992808679917 27.47804015012148 25.8360581615399 
DATA 45.27725853822738 46.09629185482787 44.7301609302026 46.85628446255418 45.208217594364605 45.64582935528615 46.03206705067992 47.27557029344951 45.68210742835111 46.04682718505841 45.10517532820422 44.80690788448579 
DATA 49.43012616000025 49.4220704841113 51.17627690889989 49.6123719697931 48.47690650093073 49.25735056104666 47.89755171331385 48.32573906235557 47.35852418636632 49.49276275614512 47.84482058334225 47.437568821019305 
DATA 46.43160713167352 45.88533818621114 46.82597173540277 47.18201851941981 44.4779888654579 45.62404185866632 43.64854044627206 45.23072006666909 44.72919213250031 45.3756561036306 45.32183322328281 44.29550376547122 
