PARAMETER cpu_limit
PARAMETER memory_limit
PARAMETER number_of_pods


POINTS ( 200 600 1 )( 200 600 2 )( 200 600 3 )( 200 600 4 )( 200 600 5 )
POINTS ( 200 700 1 )( 200 700 2 )( 200 700 3 )( 200 700 4 )( 200 700 5 )
POINTS ( 200 800 1 )( 200 800 2 )( 200 800 3 )( 200 800 4 )( 200 800 5 )
POINTS ( 200 900 1 )( 200 900 2 )( 200 900 3 )( 200 900 4 )( 200 900 5 )
POINTS ( 200 1000 1 )( 200 1000 2 )( 200 1000 3 )( 200 1000 4 )( 200 1000 5 )
POINTS ( 300 600 1 )( 300 600 2 )( 300 600 3 )( 300 600 4 )( 300 600 5 )
POINTS ( 300 700 1 )( 300 700 2 )( 300 700 3 )( 300 700 4 )( 300 700 5 )
POINTS ( 300 800 1 )( 300 800 2 )( 300 800 3 )( 300 800 4 )( 300 800 5 )
POINTS ( 300 900 1 )( 300 900 2 )( 300 900 3 )( 300 900 4 )( 300 900 5 )
POINTS ( 300 1000 1 )( 300 1000 2 )( 300 1000 3 )( 300 1000 4 )( 300 1000 5 )
POINTS ( 400 600 1 )( 400 600 2 )( 400 600 3 )( 400 600 4 )( 400 600 5 )
POINTS ( 400 700 1 )( 400 700 2 )( 400 700 3 )( 400 700 4 )( 400 700 5 )
POINTS ( 400 800 1 )( 400 800 2 )( 400 800 3 )( 400 800 4 )( 400 800 5 )
POINTS ( 400 900 1 )( 400 900 2 )( 400 900 3 )( 400 900 4 )( 400 900 5 )
POINTS ( 400 1000 1 )( 400 1000 2 )( 400 1000 3 )( 400 1000 4 )( 400 1000 5 )
POINTS ( 500 600 1 )( 500 600 2 )( 500 600 3 )( 500 600 4 )( 500 600 5 )
POINTS ( 500 700 1 )( 500 700 2 )( 500 700 3 )( 500 700 4 )( 500 700 5 )
POINTS ( 500 800 1 )( 500 800 2 )( 500 800 3 )( 500 800 4 )( 500 800 5 )
POINTS ( 500 900 1 )( 500 900 2 )( 500 900 3 )( 500 900 4 )( 500 900 5 )
POINTS ( 500 1000 1 )( 500 1000 2 )( 500 1000 3 )( 500 1000 4 )( 500 1000 5 )
POINTS ( 600 600 1 )( 600 600 2 )( 600 600 3 )( 600 600 4 )( 600 600 5 )
POINTS ( 600 700 1 )( 600 700 2 )( 600 700 3 )( 600 700 4 )( 600 700 5 )
POINTS ( 600 800 1 )( 600 800 2 )( 600 800 3 )( 600 800 4 )( 600 800 5 )
POINTS ( 600 900 1 )( 600 900 2 )( 600 900 3 )( 600 900 4 )( 600 900 5 )
POINTS ( 600 1000 1 )( 600 1000 2 )( 600 1000 3 )( 600 1000 4 )( 600 1000 5 )
REGION Test
METRIC memory_usage
DATA 58.45230769230768 49.67384615384616 52.56230769230769 52.199230769230766 55.99000000000001 53.14461538461538 53.559230769230766 51.79076923076923 53.03923076923078 52.294615384615376 51.58692307692308 52.30384615384616 
DATA 53.04784615384613 54.08369230769229 54.47400000000008 54.63215384615387 53.86323076923084 54.094461538461545 53.70061538461542 53.44876923076927 54.31399999999995 53.63430769230767 52.63092307692307 53.81538461538464 
DATA 38.93292307692312 40.12061538461538 40.8547692307692 40.4430769230769 39.42230769230765 38.9618461538462 40.797384615384615 40.0052307692308 40.7823076923077 40.97707692307687 39.04738461538464 39.40184615384611 
DATA 55.17846153846153 57.22615384615384 60.5123076923077 56.77769230769231 60.53923076923077 55.71153846153848 54.74307692307692 60.49999999999999 56.831538461538464 61.96000000000002 57.2023076923077 62.34692307692308 
DATA 64.24653846153845 62.18076923076923 66.55230769230769 64.10269230769228 66.51461538461538 63.89923076923078 65.08115384615385 67.76884615384613 66.09807692307692 68.53346153846157 64.42076923076921 66.23076923076925 
DATA 65.37051282051279 62.99820512820516 65.49512820512821 63.81358974358973 65.54897435897442 64.25256410256411 65.9328205128205 67.80282051282047 66.3935897435897 66.99435897435897 65.0653846153846 66.82923076923075 
DATA 64.97076923076925 62.26346153846151 65.99269230769231 63.024615384615394 65.2913461538461 64.45173076923075 64.92653846153847 67.64980769230763 64.8126923076923 65.56153846153846 63.1826923076923 64.61480769230772 
DATA 64.83415384615388 62.56446153846152 65.4555384615384 62.93153846153846 65.96400000000004 63.90123076923072 64.832 66.75415384615381 64.7273846153846 64.4144615384616 63.27538461538465 63.74507692307689 
DATA 49.222307692307695 48.00538461538462 51.36538461538463 52.22461538461538 49.47692307692307 49.827692307692296 48.39076923076922 50.83692307692308 50.24999999999999 49.73692307692308 51.01846153846153 47.54846153846153 
DATA 54.74230769230768 55.60307692307696 56.5026923076923 57.48461538461539 54.812692307692295 55.38653846153846 56.08423076923077 57.40076923076924 57.20846153846154 55.08846153846153 56.81346153846153 56.70961538461541 
DATA 54.6251282051282 54.815641025641 54.65564102564105 56.1623076923077 55.858461538461526 54.8092307692308 56.20076923076926 57.29692307692307 56.09051282051278 53.345128205128205 55.29846153846152 55.68897435897436 
DATA 54.19211538461541 55.06326923076923 54.06461538461534 56.35153846153847 55.74173076923081 54.35000000000002 54.93115384615389 55.24865384615385 56.47423076923079 53.39653846153847 54.89249999999997 54.3828846153846 
DATA 40.93384615384616 40.61153846153846 41.20307692307692 41.23153846153847 38.035384615384615 41.25307692307692 39.96076923076923 41.45692307692308 40.28384615384615 40.62384615384615 41.840769230769226 40.464615384615385 
DATA 54.262923076923066 54.78600000000002 54.85784615384616 56.74353846153848 55.414923076923145 53.82046153846156 54.77846153846156 54.80430769230772 56.05261538461541 53.60030769230769 54.55199999999998 54.76523076923075 
DATA 41.45846153846152 42.54769230769231 43.45461538461538 42.05307692307693 43.58307692307691 43.820769230769216 42.97615384615385 43.99230769230768 45.53769230769231 44.3246153846154 43.799230769230775 45.24 
DATA 50.52269230769231 49.54153846153845 49.54153846153848 48.80538461538461 50.44038461538464 49.08269230769231 49.957307692307694 50.542307692307695 49.35153846153845 48.6573076923077 49.37923076923077 49.15346153846154 
DATA 49.84538461538461 48.757692307692345 48.89666666666668 48.15051282051281 49.76615384615383 48.96743589743591 49.40256410256414 51.22256410256411 50.04564102564104 49.3425641025641 48.965384615384615 49.335384615384605 
DATA 48.86846153846152 48.033461538461545 48.04653846153849 47.33326923076924 49.67134615384613 48.52596153846154 49.28346153846154 50.2351923076923 49.78865384615385 49.007692307692345 48.81596153846152 49.09173076923074 
DATA 48.54461538461536 47.42815384615384 48.15230769230769 47.92523076923079 49.44323076923077 48.10953846153847 49.0433846153846 49.56369230769234 49.46323076923073 49.3990769230769 48.2004615384615 49.06553846153845 
DATA 38.93076923076923 40.66153846153846 39.02076923076923 39.356923076923074 39.74615384615384 38.449230769230766 40.86307692307692 38.78000000000001 40.14615384615385 40.07076923076923 40.300769230769234 42.04076923076923 
DATA 43.197307692307696 43.941538461538464 44.817307692307686 44.88269230769231 45.7726923076923 45.57153846153847 44.88115384615384 42.0323076923077 43.97307692307694 44.91730769230771 43.32346153846154 45.73384615384613 
DATA 44.66871794871796 45.12153846153847 44.75641025641027 44.51487179487177 45.46051282051281 44.96871794871797 44.56025641025644 43.01384615384615 44.51666666666666 45.178461538461534 43.81769230769231 44.81897435897434 
DATA 44.08250000000002 44.912500000000016 44.17673076923077 44.71403846153844 44.77461538461538 44.377884615384616 43.657307692307725 42.79769230769232 44.162307692307664 44.49673076923082 43.94846153846158 44.96346153846155 
DATA 47.79076923076926 46.34999999999999 45.34807692307693 44.243461538461546 46.40115384615386 46.568461538461534 45.84538461538461 48.7307692307692 47.48538461538461 45.785 47.45192307692309 48.761923076923054 
DATA 44.17000000000004 44.79676923076926 43.90984615384616 44.51769230769234 44.066769230769225 44.02015384615388 43.91446153846152 42.86646153846153 43.42015384615382 45.12661538461541 43.812769230769256 44.12584615384617 
DATA 37.61153846153846 34.47769230769231 34.2323076923077 36.42615384615385 35.13153846153846 36.61615384615384 35.66692307692308 38.24615384615385 35.33307692307694 35.11615384615384 36.85000000000001 36.02692307692307 
DATA 40.82692307692309 38.331538461538464 38.07269230769232 40.91692307692309 41.45076923076925 40.829230769230776 40.58653846153846 41.86730769230769 40.77807692307691 38.57269230769232 39.46307692307692 38.889615384615375 
DATA 40.14384615384616 38.220512820512845 38.916410256410245 40.29564102564101 40.84666666666668 40.83564102564104 40.39897435897437 41.32974358974361 40.51974358974361 39.775384615384624 39.66461538461538 40.54846153846152 
DATA 39.150000000000006 38.85423076923078 39.37499999999999 40.16903846153847 40.485961538461545 40.08749999999999 39.75615384615384 41.36923076923079 39.67903846153847 39.49769230769232 39.7303846153846 39.727115384615374 
DATA 39.61092307692306 38.74753846153851 39.3376923076923 40.21584615384616 40.01661538461534 40.01846153846152 39.55615384615387 40.73938461538465 38.72184615384613 39.4492307692308 39.54107692307692 39.23015384615384 
DATA 48.01384615384616 46.28487179487181 47.03923076923076 48.14179487179485 46.65717948717949 46.80410256410257 47.93794871794874 50.27846153846154 47.14717948717949 47.06076923076923 48.07666666666666 48.95615384615382 
DATA 47.43230769230773 47.05846153846153 47.898461538461554 47.88999999999999 48.02846153846152 47.5078846153846 48.10480769230768 49.82500000000002 47.90346153846155 47.50423076923076 47.77288461538463 49.0546153846154 
DATA 48.43953846153845 48.44446153846157 47.88846153846156 47.75753846153844 47.53323076923076 47.73907692307694 48.86846153846157 49.28261538461541 48.14338461538458 46.4503076923077 47.90046153846154 49.30907692307687 
DATA 35.07769230769231 36.41538461538461 36.1276923076923 35.504615384615384 36.72923076923076 36.801538461538456 37.52538461538461 40.06923076923078 35.60384615384615 36.31846153846155 39.168461538461536 35.77846153846154 
DATA 41.399230769230776 42.58846153846154 41.62153846153846 40.55692307692309 44.05192307692308 42.22769230769231 42.34153846153846 43.64269230769231 40.85499999999999 43.3030769230769 42.038846153846166 40.16538461538461 
DATA 42.57897435897434 43.87948717948718 41.98051282051284 41.5253846153846 43.62025641025642 43.0748717948718 43.01025641025642 44.65538461538464 42.12 43.05025641025642 43.04923076923079 42.46794871794874 
DATA 42.80692307692309 43.89134615384615 43.10423076923077 42.50307692307692 43.470961538461545 43.3201923076923 42.85846153846156 43.731730769230765 42.79673076923075 44.33961538461539 43.35519230769233 42.7109615384615 
DATA 62.7480769230769 60.80115384615385 61.35576923076923 61.32769230769232 61.57230769230769 62.052307692307664 62.355 62.79692307692306 60.715 60.53269230769232 59.97499999999999 62.022307692307706 
DATA 43.49707692307693 44.48707692307689 43.4786153846154 42.439846153846126 43.33876923076927 43.185076923076906 42.39984615384616 42.68184615384618 42.87415384615384 44.45815384615382 43.62938461538463 42.58600000000003 
DATA 31.572307692307696 32.378461538461536 32.36538461538461 32.68538461538462 32.93538461538462 33.87846153846154 31.860769230769225 31.66769230769231 34.58230769230771 34.755384615384614 35.36538461538461 33.808461538461536 
DATA 38.13807692307692 36.79038461538463 40.3226923076923 37.4176923076923 38.02115384615383 37.8846153846154 37.480769230769255 36.67038461538461 39.32384615384616 38.87153846153846 39.92346153846153 38.75615384615383 
DATA 38.62435897435897 37.97974358974359 40.57487179487178 39.880769230769246 38.63897435897436 38.496666666666655 38.73256410256411 38.18461538461541 39.41179487179487 39.650769230769214 39.71641025641028 38.44717948717947 
DATA 39.73519230769234 39.210769230769216 39.87673076923079 39.62442307692308 38.92173076923075 39.05769230769228 39.60519230769233 38.8069230769231 39.79980769230769 39.74384615384615 40.13557692307697 39.6426923076923 
DATA 39.74230769230768 38.92353846153845 39.27969230769234 39.78553846153847 39.27061538461536 39.68892307692305 39.17415384615387 39.21138461538456 39.57892307692311 39.82784615384615 40.32569230769229 40.00553846153848 
DATA 54.166153846153854 54.84 53.88230769230768 52.31923076923076 54.334615384615375 53.951538461538455 55.07230769230769 54.45076923076923 60.28153846153845 58.6946153846154 54.214615384615385 56.73615384615384 
DATA 61.84884615384616 63.15500000000001 61.54346153846151 61.05846153846154 63.45192307692308 60.90499999999997 64.5242307692308 60.702692307692274 66.52346153846153 64.10961538461537 62.771923076923045 63.16884615384616 
DATA 62.9476923076923 63.48923076923076 61.546666666666674 61.43102564102564 63.207948717948696 62.44589743589744 64.69897435897435 61.6692307692308 66.40589743589737 64.00179487179489 61.31000000000002 61.8105128205128 
DATA 62.6726923076923 62.29096153846155 61.60134615384615 61.6157692307693 63.00019230769233 61.77865384615384 64.77807692307688 62.74519230769231 64.79711538461542 63.57173076923079 61.96230769230764 62.57692307692305 
DATA 63.83666666666664 61.63153846153846 62.34410256410253 61.83769230769227 63.77282051282051 62.56358974358971 63.54974358974357 63.99384615384615 62.17923076923075 62.13 61.29769230769227 62.43820512820511 
DATA 62.64215384615386 62.46753846153842 61.01630769230771 62.34261538461543 62.55400000000003 63.081384615384586 64.77507692307692 62.88676923076917 64.61769230769232 62.72923076923082 63.20276923076926 61.75553846153844 
DATA 48.52615384615384 47.26461538461539 47.79923076923077 49.41692307692308 45.54076923076923 46.40307692307693 48.67846153846154 47.48769230769231 47.71999999999999 48.70384615384616 48.47923076923077 49.86538461538463 
DATA 54.30961538461541 53.29538461538463 52.99307692307694 54.826153846153865 55.17423076923079 54.56384615384616 54.4423076923077 53.78423076923075 56.22076923076923 53.64076923076925 55.123076923076944 54.08730769230769 
DATA 54.97205128205127 53.7325641025641 53.12615384615384 54.52743589743589 55.07974358974359 54.872307692307714 55.30205128205131 53.54153846153847 56.17564102564101 54.43384615384621 54.93307692307692 54.089230769230745 
DATA 54.38865384615382 54.8696153846154 53.64057692307687 54.169038461538506 54.4553846153846 54.09846153846157 54.69461538461543 53.46711538461537 54.68634615384615 53.63134615384615 55.535961538461535 54.43153846153848 
DATA 54.74707692307695 54.76107692307693 54.054153846153845 53.9109230769231 54.774307692307694 54.066 54.10599999999999 53.23276923076924 54.91584615384619 53.69476923076923 55.50246153846156 54.59507692307693 
DATA 42.624615384615375 41.53923076923076 43.48307692307692 42.75307692307692 44.13307692307693 43.23307692307692 44.22923076923077 42.06692307692308 42.542307692307695 45.56923076923077 42.843846153846165 44.955384615384624 
DATA 49.98961538461537 46.40192307692308 47.26115384615384 50.42538461538462 50.71538461538462 49.15115384615383 48.965384615384615 49.1173076923077 46.0719230769231 50.52192307692306 49.22076923076922 49.68846153846152 
DATA 50.50230769230766 47.108974358974336 47.403846153846125 49.8046153846154 49.206666666666685 49.33025641025641 50.02051282051285 49.37717948717952 45.84461538461537 48.71794871794871 50.041025641025655 49.40666666666666 
DATA 49.77000000000002 47.80057692307692 47.59942307692307 48.49807692307691 48.74326923076928 49.4275 50.16019230769231 48.736346153846135 49.07326923076923 49.18249999999999 49.899038461538446 49.22634615384615 
DATA 63.36596153846152 61.17750000000002 62.75249999999999 61.27076923076921 63.51480769230772 63.35673076923074 63.05057692307692 63.27384615384619 62.73499999999995 62.19307692307692 62.46846153846158 63.62807692307691 
DATA 49.38861538461539 48.04246153846152 47.555846153846176 49.10661538461541 48.46230769230771 48.68199999999997 49.45338461538459 49.05507692307691 48.952461538461534 48.71861538461541 49.21569230769229 49.05369230769232 
DATA 37.77230769230769 39.21615384615384 37.39999999999999 37.638461538461534 39.15076923076924 38.66384615384615 38.73384615384616 36.88076923076923 37.856153846153845 39.42307692307692 39.43846153846153 38.142307692307696 
DATA 42.61576923076923 44.952692307692296 41.16730769230768 42.842307692307706 45.45346153846154 43.660384615384615 45.95346153846154 42.816153846153846 44.72307692307693 44.04692307692308 43.40346153846152 43.19692307692306 
DATA 43.1528205128205 44.2620512820513 42.23102564102567 43.89384615384618 43.815897435897455 43.486666666666665 44.70589743589744 42.59153846153846 43.4705128205128 44.52076923076923 43.03128205128204 43.97666666666667 
DATA 43.06884615384616 43.768076923076926 43.93615384615384 42.35384615384617 44.21673076923079 43.929423076923065 44.55153846153848 42.57500000000002 43.27480769230767 44.05980769230769 43.16211538461538 43.195192307692295 
DATA 43.08353846153846 43.51492307692305 44.292 42.18015384615382 43.73892307692304 43.63938461538461 44.706461538461525 42.53215384615386 43.01030769230766 44.09184615384619 43.67400000000004 43.1946153846154 
DATA 34.681538461538466 33.37538461538462 35.24692307692307 31.87307692307693 33.385384615384616 35.79615384615385 34.20692307692308 34.29846153846154 34.26153846153847 34.554615384615374 37.6 35.628461538461536 
DATA 37.26192307692309 38.50153846153848 43.12692307692308 35.24307692307694 36.78500000000001 39.63269230769232 38.68961538461539 40.27692307692306 37.76038461538461 38.240384615384606 41.33500000000002 39.06500000000002 
DATA 38.48589743589742 38.49871794871796 41.86564102564103 38.17820512820513 38.01641025641028 39.492051282051264 39.28025641025641 40.04615384615386 38.98384615384616 38.37358974358973 40.933589743589735 38.68717948717947 
DATA 39.412307692307685 38.79596153846155 41.48019230769229 38.70903846153848 37.816538461538464 39.62596153846155 39.308653846153845 39.47019230769229 39.36596153846155 38.17826923076923 40.21423076923076 39.27173076923079 
DATA 63.898 62.17138461538464 62.327076923076895 62.01292307692307 62.807538461538485 61.618153846153845 62.76123076923077 62.668307692307664 62.73199999999999 61.89830769230768 61.598000000000006 63.71107692307693 
DATA 39.45861538461539 38.338153846153816 41.02876923076925 39.29923076923078 38.60815384615384 39.67630769230771 39.47399999999997 39.21769230769227 39.49923076923076 38.98876923076919 39.80461538461539 39.560769230769246 
DATA 56.68923076923076 55.73692307692307 57.42538461538462 57.864615384615405 57.37153846153846 58.39923076923076 57.840769230769226 60.2176923076923 54.68999999999999 54.58 59.35076923076924 60.14923076923078 
DATA 63.35230769230767 64.34615384615384 64.3230769230769 63.426923076923046 63.11653846153844 64.28076923076921 65.37653846153844 66.2926923076923 62.96230769230768 63.55923076923078 66.46846153846151 65.92846153846155 
DATA 62.78461538461541 64.48307692307694 63.80102564102568 64.5325641025641 63.74051282051281 63.54230769230771 64.54179487179485 64.61256410256408 62.28871794871795 64.49615384615383 66.40717948717949 65.89333333333332 
DATA 62.14826923076924 64.52634615384616 62.981153846153845 64.85442307692304 63.675192307692335 63.33403846153848 64.82634615384615 63.63788461538461 62.57365384615389 64.04134615384618 65.00730769230763 63.98788461538458 
DATA 61.912000000000056 63.97676923076923 62.66107692307693 64.08661538461534 63.582615384615366 64.05276923076924 64.2050769230769 63.45184615384618 62.3521538461538 62.54569230769232 64.29430769230765 63.32092307692304 
DATA 48.69923076923077 48.578461538461525 46.87153846153847 47.52846153846154 47.18615384615385 47.636153846153846 46.57538461538461 49.64692307692308 48.72461538461538 49.74076923076921 50.16000000000001 49.08615384615385 
DATA 55.08692307692306 57.865769230769246 54.15461538461537 56.73346153846155 58.10192307692306 53.20230769230771 54.84807692307695 57.82846153846151 56.22653846153847 53.81346153846152 56.43923076923078 54.85923076923076 
DATA 54.28461538461537 55.715897435897446 55.2530769230769 55.5582051282051 56.3728205128205 52.56717948717949 54.9092307692308 57.14487179487178 55.36564102564102 55.06512820512823 55.87871794871795 54.38461538461537 
DATA 54.07173076923076 55.53999999999999 55.341923076923 54.91846153846155 56.00788461538467 53.05557692307692 54.92730769230774 56.08769230769232 55.626730769230754 54.29269230769231 55.677692307692304 53.97057692307696 
DATA 45.941538461538464 44.64538461538461 46.22846153846153 44.91846153846154 45.628461538461536 45.0523076923077 44.01384615384616 46.132307692307705 45.98230769230769 44.24692307692308 44.45153846153847 46.14538461538461 
DATA 55.192615384615365 54.85261538461536 54.75738461538462 54.7587692307692 55.36999999999996 54.18446153846151 54.4709230769231 55.15707692307696 55.56600000000001 54.78676923076918 56.51261538461544 53.64230769230771 
DATA 41.04538461538462 43.91076923076923 42.61692307692307 44.24615384615384 43.05307692307692 46.441538461538464 44.06384615384616 43.43846153846154 44.91461538461538 42.39384615384616 42.64538461538462 45.59307692307693 
DATA 47.41000000000001 49.363076923076925 48.45230769230768 49.93307692307691 49.115769230769246 51.67230769230771 48.944615384615375 50.40499999999999 49.43423076923078 47.61192307692309 49.00115384615386 51.89192307692306 
DATA 47.5523076923077 49.46948717948717 47.68256410256408 49.70820512820512 49.22076923076923 50.846153846153854 48.7369230769231 50.05410256410257 48.996153846153845 47.28076923076922 48.89410256410258 50.64717948717947 
DATA 48.189423076923084 49.15999999999998 48.19249999999997 49.614615384615405 49.09346153846151 50.672307692307655 48.44903846153844 49.45057692307694 48.197500000000026 46.89961538461539 48.87173076923076 49.35942307692306 
DATA 47.48384615384617 48.53892307692311 48.09846153846157 49.05000000000004 49.080153846153856 49.959846153846144 48.40000000000003 49.11369230769235 48.98707692307692 47.21569230769227 48.39723076923073 49.74523076923074 
DATA 36.58153846153846 37.96769230769231 39.31769230769231 37.96000000000001 39.44153846153846 40.20153846153846 39.66307692307692 39.08923076923076 39.87615384615385 37.586153846153856 40.03769230769231 41.31307692307693 
DATA 43.86423076923078 43.15153846153847 45.02923076923078 44.22846153846155 44.325769230769225 45.27692307692308 45.80653846153847 43.196923076923085 43.902307692307694 42.620000000000005 44.0530769230769 46.80884615384615 
DATA 44.29153846153847 43.74871794871795 44.595641025641015 43.437948717948686 43.93205128205128 45.53564102564104 44.792307692307695 43.07102564102562 44.247435897435885 42.61641025641025 44.10410256410258 45.6051282051282 
DATA 44.17365384615383 43.41634615384616 45.13576923076921 43.2501923076923 43.42596153846153 45.41076923076922 44.75038461538463 43.47230769230768 43.6278846153846 42.65865384615383 44.32153846153846 45.11557692307691 
DATA 52.11423076923077 52.87730769230771 53.2873076923077 52.44615384615385 53.01961538461541 53.79615384615386 52.15269230769228 53.83923076923077 52.23346153846155 54.05 52.91153846153847 52.593461538461504 
DATA 44.11692307692309 43.92461538461542 45.12723076923076 43.104461538461535 43.13338461538463 44.831692307692336 44.11492307692306 42.7741538461538 44.24999999999999 43.43230769230773 44.087538461538486 44.58153846153845 
DATA 34.96769230769231 36.28923076923077 36.48538461538462 36.28 35.0253846153846 33.54538461538462 36.85846153846153 33.164615384615374 34.926153846153845 35.44615384615384 34.75230769230769 34.47923076923077 
DATA 37.655769230769245 40.011153846153846 39.160384615384615 39.17076923076922 38.669230769230765 39.0323076923077 40.8 40.557307692307695 39.66692307692306 41.58730769230768 39.27076923076924 39.7453846153846 
DATA 38.32256410256408 39.554358974359005 39.67076923076922 38.61589743589747 38.18256410256412 39.90538461538464 40.25794871794871 39.95179487179488 40.22564102564104 41.09128205128203 39.59769230769231 39.306666666666686 
DATA 38.18096153846152 39.57576923076925 39.598269230769226 37.52923076923078 39.06211538461537 39.55596153846154 39.75903846153845 39.23923076923075 40.361730769230775 40.761730769230766 39.2423076923077 39.06769230769231 
DATA 38.13338461538461 39.54676923076922 39.82369230769231 38.292 39.21384615384615 39.7101538461538 40.18384615384614 38.99276923076922 40.34584615384617 40.527230769230805 38.77753846153846 39.28799999999998 
DATA 56.52307692307693 55.93923076923078 53.863076923076925 57.30153846153847 57.54153846153846 54.624615384615375 58.7376923076923 56.78384615384615 57.40538461538461 59.82615384615386 58.50384615384615 58.52384615384615 
DATA 64.28961538461539 62.07038461538463 63.915 65.94346153846153 63.26692307692311 64.21807692307692 63.635384615384616 63.776923076923104 66.51538461538463 64.58384615384614 64.59384615384616 66.08499999999998 
DATA 64.71102564102566 63.16692307692306 63.91358974358977 65.56128205128208 65.17589743589741 63.92487179487178 63.048717948718 64.89897435897434 65.12948717948719 63.91948717948716 64.90410256410256 64.3502564102564 
DATA 64.39903846153851 63.64480769230773 63.98038461538461 64.13961538461538 63.71730769230771 63.46096153846151 62.43096153846155 63.60884615384612 65.11634615384618 63.30038461538465 64.86846153846155 63.12000000000003 
DATA 51.578461538461546 53.21153846153848 55.24512820512818 53.4966666666667 53.36717948717948 54.37538461538459 53.06384615384615 53.09461538461541 54.05307692307692 53.9848717948718 53.71923076923076 52.41589743589744 
DATA 64.41892307692306 63.33015384615389 62.396615384615394 63.825538461538486 62.77061538461537 63.3866153846154 62.10476923076926 62.880461538461525 63.63892307692306 63.3667692307692 64.70076923076928 63.74430769230768 
DATA 50.97692307692308 51.03538461538461 47.39307692307693 50.93923076923076 47.691538461538464 49.39923076923076 49.79076923076923 49.80461538461539 50.142307692307696 48.85307692307693 49.643076923076926 48.19846153846154 
DATA 54.05346153846154 56.49923076923077 54.87538461538461 55.031153846153856 54.436923076923065 56.04999999999998 57.46000000000001 55.02884615384616 56.60730769230773 57.23153846153845 55.371923076923096 55.210384615384605 
DATA 54.21076923076924 56.75358974358975 55.15717948717949 55.14128205128207 53.91897435897432 55.88410256410256 57.77948717948716 56.18641025641028 55.28564102564101 56.56 56.453076923076914 56.35897435897432 
DATA 53.77173076923077 56.29999999999998 54.7048076923077 54.41961538461539 53.33923076923078 55.56096153846156 57.36942307692309 56.127115384615394 54.9813461538461 56.16576923076922 55.27250000000003 55.43884615384613 
DATA 55.10600000000001 55.52738461538462 55.10953846153842 54.83815384615384 53.43415384615384 54.81384615384615 57.25938461538463 55.50153846153845 54.76907692307695 55.69830769230765 55.38815384615386 55.81846153846156 
DATA 45.06307692307692 44.23230769230769 43.49076923076924 44.85923076923076 44.49923076923077 44.69615384615384 44.699230769230766 45.715384615384615 47.02153846153847 44.66846153846154 45.60923076923078 41.43461538461538 
DATA 49.543461538461536 48.56423076923078 49.00000000000001 50.30615384615384 52.15307692307693 49.854615384615386 50.10884615384612 50.81538461538459 51.38653846153848 49.600000000000016 51.69192307692306 48.78730769230769 
DATA 50.39820512820515 48.74487179487179 48.13769230769231 50.093846153846144 51.12384615384615 49.79897435897439 50.62333333333335 50.22358974358974 50.47871794871799 48.25589743589741 51.36820512820513 48.67384615384614 
DATA 48.81076923076924 47.9346153846154 47.85442307692309 49.77288461538463 50.48250000000001 49.013653846153865 50.47576923076924 49.234038461538425 50.23480769230772 48.77326923076923 50.23942307692309 48.794615384615376 
DATA 53.649423076923085 53.50307692307688 55.23230769230765 54.16500000000004 54.15538461538458 54.28346153846158 53.8273076923077 53.72076923076923 54.300576923076925 54.06846153846153 52.818269230769246 53.452692307692274 
DATA 48.926000000000016 48.03676923076922 48.0456923076923 49.96492307692308 50.40492307692308 48.73784615384612 49.67661538461539 49.01015384615381 49.39246153846157 47.71907692307691 50.1410769230769 49.31230769230769 
DATA 39.58461538461539 38.79461538461539 40.82846153846154 38.94230769230769 39.42923076923076 38.14153846153847 38.196923076923085 41.144615384615385 42.39692307692308 40.16923076923077 37.87076923076923 39.17692307692308 
DATA 44.7542307692308 43.57576923076923 44.75269230769231 44.351538461538446 44.21461538461539 43.58499999999999 42.9323076923077 44.29923076923076 45.358461538461526 44.69884615384616 43.63576923076923 44.74 
DATA 45.03153846153845 43.80538461538463 44.21564102564105 43.66410256410255 43.62307692307694 44.53230769230769 43.29923076923076 44.22025641025641 43.59435897435893 44.31974358974359 43.0102564102564 43.93846153846158 
DATA 44.549615384615386 44.430769230769215 43.35403846153846 43.36442307692308 43.47999999999999 44.20596153846152 43.55096153846153 43.87269230769231 43.5853846153846 44.1207692307692 42.54576923076924 43.73365384615382 
DATA 43.8769230769231 44.21861538461539 43.17892307692309 43.62584615384615 43.36769230769232 44.06661538461535 43.68630769230771 43.990615384615374 43.836769230769214 43.63430769230767 43.08215384615386 43.25538461538459 
DATA 34.71384615384616 34.800000000000004 36.13846153846154 34.79846153846153 33.94538461538461 36.55153846153847 35.68230769230769 34.89692307692308 36.626153846153855 38.19230769230769 36.46307692307692 35.431538461538466 
DATA 39.06153846153846 41.43115384615384 40.03653846153846 40.77653846153846 38.34846153846155 38.76346153846156 41.039615384615374 39.64999999999999 42.68692307692308 42.77269230769231 39.29230769230769 40.76730769230768 
DATA 38.82538461538463 41.25846153846155 40.74384615384616 40.65538461538461 38.90153846153847 39.35384615384611 41.49999999999997 39.1520512820513 41.47076923076924 41.43871794871792 39.27230769230772 39.68076923076922 
DATA 38.72884615384616 39.92096153846149 40.60153846153848 39.56019230769228 39.43442307692307 39.12538461538459 40.24307692307691 40.21326923076926 41.03500000000001 41.41923076923077 39.53250000000001 39.78634615384616 
