PARAMETER cpu_limit
PARAMETER memory_limit
PARAMETER number_of_pods
PARAMETER rps


POINTS ( 300 400 1 5 ) ( 300 400 2 5 ) ( 300 400 3 5 ) ( 300 400 4 5 ) ( 300 400 5 5 ) 
POINTS ( 300 450 1 5 ) ( 300 450 2 5 ) ( 300 450 3 5 ) ( 300 450 4 5 ) ( 300 450 5 5 ) 
POINTS ( 300 500 1 5 ) ( 300 500 2 5 ) ( 300 500 3 5 ) ( 300 500 4 5 ) ( 300 500 5 5 ) 
POINTS ( 300 550 1 5 ) ( 300 550 2 5 ) ( 300 550 3 5 ) ( 300 550 4 5 ) ( 300 550 5 5 ) 
POINTS ( 300 600 1 5 ) ( 300 600 2 5 ) ( 300 600 3 5 ) ( 300 600 4 5 ) ( 300 600 5 5 ) 
POINTS ( 350 400 1 5 ) ( 350 400 2 5 ) ( 350 400 3 5 ) ( 350 400 4 5 ) ( 350 400 5 5 ) 
POINTS ( 350 450 1 5 ) ( 350 450 2 5 ) ( 350 450 3 5 ) ( 350 450 4 5 ) ( 350 450 5 5 ) 
POINTS ( 350 500 1 5 ) ( 350 500 2 5 ) ( 350 500 3 5 ) ( 350 500 4 5 ) ( 350 500 5 5 ) 
POINTS ( 350 550 1 5 ) ( 350 550 2 5 ) ( 350 550 3 5 ) ( 350 550 4 5 ) ( 350 550 5 5 ) 
POINTS ( 350 600 1 5 ) ( 350 600 2 5 ) ( 350 600 3 5 ) ( 350 600 4 5 ) ( 350 600 5 5 ) 
POINTS ( 400 400 1 5 ) ( 400 400 2 5 ) ( 400 400 3 5 ) ( 400 400 4 5 ) ( 400 400 5 5 ) 
POINTS ( 400 450 1 5 ) ( 400 450 2 5 ) ( 400 450 3 5 ) ( 400 450 4 5 ) ( 400 450 5 5 ) 
POINTS ( 400 500 1 5 ) ( 400 500 2 5 ) ( 400 500 3 5 ) ( 400 500 4 5 ) ( 400 500 5 5 ) 
POINTS ( 400 550 1 5 ) ( 400 550 2 5 ) ( 400 550 3 5 ) ( 400 550 4 5 ) ( 400 550 5 5 ) 
POINTS ( 400 600 1 5 ) ( 400 600 2 5 ) ( 400 600 3 5 ) ( 400 600 4 5 ) ( 400 600 5 5 ) 
POINTS ( 450 400 1 5 ) ( 450 400 2 5 ) ( 450 400 3 5 ) ( 450 400 4 5 ) ( 450 400 5 5 ) 
POINTS ( 450 450 1 5 ) ( 450 450 2 5 ) ( 450 450 3 5 ) ( 450 450 4 5 ) ( 450 450 5 5 ) 
POINTS ( 450 500 1 5 ) ( 450 500 2 5 ) ( 450 500 3 5 ) ( 450 500 4 5 ) ( 450 500 5 5 ) 
POINTS ( 450 550 1 5 ) ( 450 550 2 5 ) ( 450 550 3 5 ) ( 450 550 4 5 ) ( 450 550 5 5 ) 
POINTS ( 450 600 1 5 ) ( 450 600 2 5 ) ( 450 600 3 5 ) ( 450 600 4 5 ) ( 450 600 5 5 ) 
POINTS ( 500 400 1 5 ) ( 500 400 2 5 ) ( 500 400 3 5 ) ( 500 400 4 5 ) ( 500 400 5 5 ) 
POINTS ( 500 450 1 5 ) ( 500 450 2 5 ) ( 500 450 3 5 ) ( 500 450 4 5 ) ( 500 450 5 5 ) 
POINTS ( 500 500 1 5 ) ( 500 500 2 5 ) ( 500 500 3 5 ) ( 500 500 4 5 ) ( 500 500 5 5 ) 
POINTS ( 500 550 1 5 ) ( 500 550 2 5 ) ( 500 550 3 5 ) ( 500 550 4 5 ) ( 500 550 5 5 ) 
POINTS ( 500 600 1 5 ) ( 500 600 2 5 ) ( 500 600 3 5 ) ( 500 600 4 5 ) ( 500 600 5 5 ) 

REGION teastore
METRIC memory_usage

DATA 67.76285714285714 66.06714285714285 69.90714285714286 74.62142857142858 67.20428571428572 
DATA 78.90142857142858 76.91214285714285 77.91714285714284 79.86214285714287 79.98285714285713 
DATA 82.53476190476192 79.92523809523811 80.79476190476191 80.21999999999997 79.25000000000001 
DATA 83.16928571428568 81.1039285714286 80.7592857142857 81.08857142857143 82.61 
DATA 82.67342857142854 81.54799999999999 81.84942857142858 83.38485714285713 83.25371428571424 
DATA 59.84571428571428 61.56571428571429 55.80714285714286 63.554285714285705 64.58142857142856 
DATA 67.91714285714285 66.78928571428573 68.92428571428572 66.77857142857144 69.80428571428571 
DATA 71.85619047619048 69.09952380952382 70.33380952380952 72.16571428571426 72.11380952380955 
DATA 72.61821428571429 70.4917857142857 68.65857142857143 71.5889285714286 73.11749999999999 
DATA 71.56057142857144 71.31714285714284 69.70800000000003 73.23171428571429 74.24000000000001 
DATA 53.892857142857146 58.45571428571429 55.50142857142857 57.56714285714286 62.56857142857143 
DATA 60.66571428571429 61.01642857142858 62.97642857142856 62.29285714285715 65.44071428571428 
DATA 64.35333333333332 62.55952380952382 63.78809523809522 63.68142857142859 66.18571428571428 
DATA 64.67071428571428 64.16250000000001 64.47214285714286 63.90607142857141 65.44999999999997 
DATA 66.62485714285717 65.26000000000002 65.69428571428573 65.25257142857143 66.66485714285716 
DATA 48.57857142857143 52.24428571428572 53.98571428571429 51.614285714285714 50.72571428571429 
DATA 55.80785714285714 55.01428571428573 57.405 57.74071428571428 55.65000000000002 
DATA 58.10904761904763 59.49333333333334 60.6447619047619 58.58619047619048 60.61714285714286 
DATA 60.620357142857166 61.11464285714285 61.98964285714284 58.96607142857143 60.2375 
DATA 60.27828571428574 61.14028571428571 60.92714285714286 60.36 61.124 
DATA 44.58857142857143 47.95142857142857 46.47857142857144 48.67857142857143 51.34428571428571 
DATA 51.23714285714285 52.87071428571429 51.07714285714284 51.77 54.970000000000006 
DATA 52.56047619047619 55.04333333333335 53.05904761904761 53.041428571428575 54.24714285714285 
DATA 53.662500000000016 55.30964285714284 53.467142857142846 55.26464285714285 55.65142857142855 
DATA 55.567142857142855 56.33114285714285 55.49742857142858 55.72371428571429 56.14971428571431 
DATA 70.44857142857143 64.22142857142856 65.95857142857145 74.52285714285715 68.24857142857142 
DATA 78.82928571428575 73.80071428571429 77.77428571428571 77.25785714285715 76.71071428571429 
DATA 80.68238095238095 77.3542857142857 82.69952380952382 80.1609523809524 80.12619047619047 
DATA 81.4385714285714 79.81035714285714 82.57607142857141 81.36214285714281 81.70535714285712 
DATA 82.05542857142859 80.3857142857143 83.95742857142857 79.5022857142857 79.82457142857145 
DATA 59.88714285714286 62.95 63.46714285714287 58.55285714285715 65.87428571428572 
DATA 68.37785714285714 68.71785714285714 70.75714285714285 71.10785714285714 68.61357142857142 
DATA 72.04333333333335 71.24714285714288 73.77904761904762 72.59238095238095 71.37523809523809 
DATA 73.6675 71.6717857142857 74.74249999999998 74.36357142857143 72.8185714285714 
DATA 73.63142857142853 74.95971428571427 75.8474285714286 74.39485714285719 73.70857142857145 
DATA 56.26857142857143 54.19 61.74 55.12285714285714 51.30857142857143 
DATA 63.74928571428573 62.16928571428571 64.62571428571428 64.33642857142856 62.77642857142856 
DATA 64.06142857142856 63.909523809523805 68.4452380952381 65.41619047619048 63.710476190476186 
DATA 64.55535714285715 64.62928571428571 68.90357142857142 66.83035714285712 64.41750000000002 
DATA 64.86542857142855 64.8477142857143 68.84228571428572 67.19142857142856 65.51342857142856 
DATA 49.11714285714286 52.69285714285714 54.13 52.50571428571429 48.012857142857136 
DATA 57.50357142857143 55.51428571428572 59.132857142857134 55.77428571428572 57.71714285714285 
DATA 60.17809523809522 57.242857142857126 58.389523809523816 58.20904761904764 57.80095238095238 
DATA 60.77857142857141 58.51642857142857 59.68750000000002 59.635000000000005 58.61714285714284 
DATA 60.02 60.29057142857142 59.60942857142858 60.25085714285712 59.87657142857144 
DATA 44.067142857142855 51.23142857142857 46.71142857142858 46.105714285714285 52.11571428571428 
DATA 51.7607142857143 51.31357142857144 49.83142857142857 53.04714285714287 53.26357142857143 
DATA 53.10047619047621 54.77809523809521 54.31285714285714 56.19190476190477 54.25761904761904 
DATA 54.657500000000006 56.1267857142857 55.252857142857145 55.99178571428571 53.623571428571424 
DATA 55.14257142857143 57.27771428571428 56.068285714285736 55.35 56.01400000000001 
DATA 65.48142857142857 73.21571428571428 74.79857142857144 77.05428571428571 68.35857142857144 
DATA 76.24928571428572 79.70214285714287 80.61642857142856 79.61428571428573 80.10571428571428 
DATA 79.82619047619048 80.25857142857141 81.8185714285714 80.1852380952381 82.07047619047619 
DATA 78.32464285714285 80.7482142857143 81.48357142857142 81.77642857142857 83.61035714285717 
DATA 81.57314285714281 82.27771428571432 83.73342857142859 83.1051428571429 83.32057142857145 
DATA 57.21 68.57857142857142 58.86428571428572 59.70714285714286 61.61714285714286 
DATA 64.52714285714286 71.385 69.50214285714289 71.92785714285712 70.60571428571428 
DATA 70.31857142857143 72.81904761904764 71.54619047619046 73.81619047619049 73.32238095238093 
DATA 72.15249999999999 74.97464285714285 72.8371428571429 74.08357142857142 72.98535714285715 
DATA 72.25628571428577 74.93200000000002 73.74571428571429 74.24771428571428 73.61200000000001 
DATA 53.442857142857136 58.63428571428573 56.19714285714285 55.70142857142857 60.33 
DATA 60.89285714285713 61.15642857142858 59.63285714285714 60.52214285714285 64.19642857142857 
DATA 61.9857142857143 63.00904761904764 62.9595238095238 62.01428571428573 66.36714285714285 
DATA 63.49535714285713 65.24714285714286 63.4657142857143 63.01928571428572 67.17749999999998 
DATA 64.22428571428573 65.95057142857145 64.14314285714282 64.36314285714288 67.16142857142859 
DATA 46.16142857142857 53.55 48.92857142857143 52.22857142857144 49.14857142857142 
DATA 55.64714285714287 57.73428571428572 56.22714285714285 54.52642857142856 56.07071428571428 
DATA 57.23714285714288 56.58238095238095 58.88047619047619 58.396666666666654 58.87095238095238 
DATA 59.09857142857144 57.83928571428573 58.69964285714282 60.52107142857144 60.11357142857143 
DATA 59.504571428571424 60.55685714285715 59.748285714285714 60.70714285714288 60.918571428571454 
DATA 47.92571428571428 51.167142857142856 47.22285714285714 47.46714285714286 43.87285714285714 
DATA 51.96857142857143 56.94785714285713 51.27142857142858 50.735 50.23571428571428 
DATA 54.10857142857143 55.53523809523811 52.92095238095238 53.12571428571429 53.139523809523816 
DATA 55.56714285714286 56.38642857142857 53.53464285714284 54.80035714285713 54.45785714285714 
DATA 56.81171428571427 56.08200000000001 54.98800000000002 55.75657142857142 54.23057142857144 
DATA 68.20571428571428 71.41285714285715 68.34285714285714 66.45714285714287 68.60428571428571 
DATA 74.58428571428574 78.44714285714288 76.75642857142859 74.94857142857144 77.60071428571428 
DATA 75.57238095238097 80.48333333333332 78.9995238095238 78.92238095238096 80.98285714285713 
DATA 77.60964285714283 82.41535714285718 80.01142857142858 79.83249999999998 81.54678571428569 
DATA 79.61428571428573 83.79542857142857 80.90828571428574 81.58114285714288 82.43000000000002 
DATA 62.040000000000006 60.21428571428572 60.88285714285714 60.72571428571428 60.74714285714286 
DATA 68.9142857142857 65.79857142857142 67.135 68.23500000000001 68.31214285714285 
DATA 68.65857142857142 69.0395238095238 69.91666666666666 71.76809523809523 70.71285714285715 
DATA 72.17035714285716 71.58607142857146 71.31749999999998 71.61571428571429 72.63714285714286 
DATA 72.39228571428573 72.60657142857144 71.9297142857143 70.7697142857143 72.1457142857143 
DATA 57.86142857142857 55.65285714285715 56.82428571428572 56.252857142857145 56.97285714285714 
DATA 62.84214285714287 60.97285714285714 59.12214285714286 63.22785714285715 61.79857142857144 
DATA 64.07333333333334 63.02857142857139 62.03714285714285 64.00428571428571 62.71619047619048 
DATA 65.18857142857145 62.09285714285715 63.19321428571429 65.00142857142858 63.95392857142856 
DATA 65.11228571428572 63.62400000000002 64.15228571428571 65.21285714285715 64.7865714285714 
DATA 50.64142857142857 50.34571428571428 53.8657142857143 48.88 53.22857142857144 
DATA 54.94714285714287 57.36642857142857 56.79642857142857 54.981428571428566 55.83428571428573 
DATA 55.61428571428572 56.98809523809522 56.59476190476192 57.31238095238095 58.53476190476191 
DATA 57.03214285714285 57.76892857142858 58.56107142857144 58.6717857142857 60.12607142857141 
DATA 59.094 58.65285714285714 59.96657142857141 59.084 59.81942857142857 
DATA 47.301428571428566 46.25142857142857 47.79857142857143 52.92 50.47428571428571 
DATA 51.76857142857143 53.15071428571429 49.24428571428571 54.91 51.93642857142858 
DATA 55.09857142857144 53.78380952380952 50.95142857142857 55.16142857142855 54.909523809523805 
DATA 54.86357142857141 53.90821428571427 53.40500000000002 56.28964285714287 55.188214285714274 
DATA 56.00428571428571 54.70942857142855 54.20228571428571 55.67457142857143 55.93371428571429 
DATA 69.79857142857142 71.66285714285713 67.58142857142856 69.22285714285714 72.74428571428572 
DATA 78.13857142857141 78.22285714285714 75.00857142857144 78.27642857142858 77.64142857142858 
DATA 78.0395238095238 76.09380952380951 77.18714285714286 80.35190476190478 78.17809523809524 
DATA 80.86071428571427 79.0042857142857 80.84928571428573 80.5764285714286 80.72642857142857 
DATA 83.07571428571427 82.31171428571429 82.18971428571429 82.7162857142857 81.82799999999997 
DATA 60.74 60.132857142857134 63.151428571428575 64.35571428571428 65.48571428571428 
DATA 65.52642857142857 64.54857142857142 68.60642857142855 69.76285714285714 66.71785714285714 
DATA 69.2095238095238 68.18952380952382 67.76476190476191 70.04714285714286 67.98571428571425 
DATA 69.74000000000001 70.54928571428572 71.25571428571432 71.03928571428573 71.01107142857143 
DATA 70.41400000000002 71.43599999999999 71.61657142857145 71.7897142857143 72.25742857142859 
DATA 53.64142857142856 56.78142857142858 56.45857142857144 56.44857142857143 58.73285714285714 
DATA 61.669285714285714 61.818571428571424 58.8657142857143 61.37642857142856 65.14214285714287 
DATA 63.28714285714285 63.33809523809524 61.34000000000002 62.35761904761906 64.78761904761905 
DATA 64.37749999999998 64.18107142857141 61.59678571428568 63.695000000000014 66.21928571428573 
DATA 64.95857142857145 64.0674285714286 64.54314285714284 64.66657142857144 66.84142857142858 
DATA 47.75 51.67857142857143 53.25142857142857 51.72857142857144 51.65428571428571 
DATA 54.87714285714286 57.105714285714285 56.77499999999999 55.21428571428572 55.335 
DATA 59.64 58.71238095238096 59.53476190476191 57.17619047619047 56.5309523809524 
DATA 59.46964285714285 59.87428571428574 60.172500000000014 58.13535714285714 58.88892857142857 
DATA 59.875714285714274 60.6297142857143 59.95228571428572 59.29114285714286 59.47971428571429 
DATA 47.035714285714285 44.59142857142858 45.93571428571428 45.3 45.90571428571429 
DATA 50.95357142857142 52.44928571428572 54.07857142857144 52.01785714285715 52.45857142857142 
DATA 54.04476190476191 54.723809523809535 54.68476190476192 53.54 53.01952380952381 
DATA 54.256071428571424 55.815357142857145 55.69821428571429 54.925357142857145 54.31999999999998 
DATA 55.26285714285715 56.47599999999999 56.48371428571428 55.34885714285716 55.69085714285714 
