PARAMETER cpu_limit
PARAMETER memory_limit
PARAMETER number_of_pods

POINTS ( 300 400 1 ) ( 300 400 2 ) ( 300 400 3 ) ( 300 400 4 ) ( 300 400 5 ) 
POINTS ( 300 450 1 ) ( 300 450 2 ) ( 300 450 3 ) ( 300 450 4 ) ( 300 450 5 ) 
POINTS ( 300 500 1 ) ( 300 500 2 ) ( 300 500 3 ) ( 300 500 4 ) ( 300 500 5 ) 
POINTS ( 300 550 1 ) ( 300 550 2 ) ( 300 550 3 ) ( 300 550 4 ) ( 300 550 5 ) 
POINTS ( 300 600 1 ) ( 300 600 2 ) ( 300 600 3 ) ( 300 600 4 ) ( 300 600 5 ) 
POINTS ( 350 400 1 ) ( 350 400 2 ) ( 350 400 3 ) ( 350 400 4 ) ( 350 400 5 ) 
POINTS ( 350 450 1 ) ( 350 450 2 ) ( 350 450 3 ) ( 350 450 4 ) ( 350 450 5 ) 
POINTS ( 350 500 1 ) ( 350 500 2 ) ( 350 500 3 ) ( 350 500 4 ) ( 350 500 5 ) 
POINTS ( 350 550 1 ) ( 350 550 2 ) ( 350 550 3 ) ( 350 550 4 ) ( 350 550 5 ) 
POINTS ( 350 600 1 ) ( 350 600 2 ) ( 350 600 3 ) ( 350 600 4 ) ( 350 600 5 ) 
POINTS ( 400 400 1 ) ( 400 400 2 ) ( 400 400 3 ) ( 400 400 4 ) ( 400 400 5 ) 
POINTS ( 400 450 1 ) ( 400 450 2 ) ( 400 450 3 ) ( 400 450 4 ) ( 400 450 5 ) 
POINTS ( 400 500 1 ) ( 400 500 2 ) ( 400 500 3 ) ( 400 500 4 ) ( 400 500 5 ) 
POINTS ( 400 550 1 ) ( 400 550 2 ) ( 400 550 3 ) ( 400 550 4 ) ( 400 550 5 ) 
POINTS ( 400 600 1 ) ( 400 600 2 ) ( 400 600 3 ) ( 400 600 4 ) ( 400 600 5 ) 
POINTS ( 450 400 1 ) ( 450 400 2 ) ( 450 400 3 ) ( 450 400 4 ) ( 450 400 5 ) 
POINTS ( 450 450 1 ) ( 450 450 2 ) ( 450 450 3 ) ( 450 450 4 ) ( 450 450 5 ) 
POINTS ( 450 500 1 ) ( 450 500 2 ) ( 450 500 3 ) ( 450 500 4 ) ( 450 500 5 ) 
POINTS ( 450 550 1 ) ( 450 550 2 ) ( 450 550 3 ) ( 450 550 4 ) ( 450 550 5 ) 
POINTS ( 450 600 1 ) ( 450 600 2 ) ( 450 600 3 ) ( 450 600 4 ) ( 450 600 5 ) 
POINTS ( 500 400 1 ) ( 500 400 2 ) ( 500 400 3 ) ( 500 400 4 ) ( 500 400 5 ) 
POINTS ( 500 450 1 ) ( 500 450 2 ) ( 500 450 3 ) ( 500 450 4 ) ( 500 450 5 ) 
POINTS ( 500 500 1 ) ( 500 500 2 ) ( 500 500 3 ) ( 500 500 4 ) ( 500 500 5 ) 
POINTS ( 500 550 1 ) ( 500 550 2 ) ( 500 550 3 ) ( 500 550 4 ) ( 500 550 5 ) 
POINTS ( 500 600 1 ) ( 500 600 2 ) ( 500 600 3 ) ( 500 600 4 ) ( 500 600 5 ) 

REGION teastore
METRIC average_response_time

DATA 3239.984135970575 2892.7628322824 2608.140514512771 3459.8355732238683 3183.7349107276823 
DATA 3253.0950098582757 2775.535828925679 2440.228411384724 2096.7601023544257 3157.323822757844 
DATA 2099.636912988952 1985.7566449417984 1765.3591967423058 1524.166439934838 2084.96113707988 
DATA 1666.3679482948355 1596.5345695127803 1518.9061291586615 1229.263040856069 1691.3006881769757 
DATA 1388.8626704451556 1354.031923759477 1249.0907299208172 1046.8411357305035 1485.259557837333 
DATA 4618.549718992553 3105.519960182938 3212.4267783152422 4009.6321868298087 3619.02620926684 
DATA 2505.4373670498544 2798.0374540535927 2131.018266738631 2371.3522860382377 2870.6760665330007 
DATA 1662.0570656578054 1762.5773626278458 1545.536816813613 1594.117397898495 2055.389191131588 
DATA 1289.8897418971576 1513.0766230690897 1314.0043981544563 1267.4437653407183 1663.1320450161638 
DATA 1054.109197163564 1300.5107291048569 1129.6609362363893 1077.827531834065 1371.5512937819783 
DATA 3033.604919197842 3223.364317140466 4051.7230540042106 2819.2806359405345 4732.599899409196 
DATA 2089.244471645169 2247.0958247235494 2525.530578499397 2882.8961199192045 3773.24052213957 
DATA 1434.9252961205798 1533.0133128998011 1705.4442922038124 1771.7008814216103 2616.0496185384422 
DATA 1169.8182794442334 1265.337138223132 1357.1291390133383 1444.3579901048713 2051.1093036887924 
DATA 953.2717181938408 1046.0351828314233 1167.4920919551766 1239.680341788182 1711.8004815902 
DATA 3260.547253046901 2683.8064841793976 2812.534207891461 3063.2785639379044 3350.749055519174 
DATA 2088.2719769727782 2368.04534269686 2921.792798581412 2631.57196610852 2034.882435558961 
DATA 1419.196089730966 1607.3557299800154 2344.2214530804995 1730.9301430857597 1439.8273340015137 
DATA 1129.9981181886506 1310.479013396338 1738.3065659569645 1342.1920777924383 1181.9540002898382 
DATA 961.3752616806734 1124.859198496903 1350.2289066985772 1107.7172545388353 1016.2009986722996 
DATA 2816.2114105576647 2812.4714905219034 3277.0403947394966 2822.39361240023 3156.757003219994 
DATA 2000.880577320288 2375.4430673280344 1937.1334845568863 2060.4720843971754 2854.197594338196 
DATA 1495.6676391746169 1616.523806501935 1508.0358777128222 1399.5745405133746 1958.00430477222 
DATA 1195.8985873453605 1309.834291673115 1222.4550600294765 1126.4688848693706 1409.2373176055262 
DATA 1014.842728350824 1073.7962750998256 1020.6202380169044 944.4736784854256 1212.3633399213593 
DATA 2028.0059804092923 2114.290878537972 3330.200194501504 2544.290125682647 2035.3260055845967 
DATA 1344.1697690282651 1661.4646789157073 1726.6774212473233 1900.0045861244255 1323.2537685917066 
DATA 1007.3402490612068 1247.4046573036323 1149.431462197378 1174.5397239085935 1038.0360919998927 
DATA 890.7953703194077 1035.5187698622435 923.164486447641 949.9816124956276 924.36321482669 
DATA 748.0693903661576 858.9629027530066 805.7921591139268 792.4088564596051 778.7773993447714 
DATA 2662.7075336320745 2428.4855635567706 3370.079308707268 2254.7829296188224 2100.473973563986 
DATA 1357.3009776945607 2105.3619067661703 1579.7362057973896 1522.345009178641 1588.1303380446554 
DATA 935.4858401171324 1354.4140447297966 1216.0327933503936 1026.1660815547652 1280.795565840517 
DATA 738.2717176534064 1036.5334785125426 1035.9656407184686 941.9757943637852 1070.5340432329554 
DATA 645.523984460452 876.566399998982 903.9209708382128 779.6650102722011 883.1402210533943 
DATA 2983.312284298325 3965.3166848300593 2807.826472083459 2042.6286025750396 2328.718835191796 
DATA 1703.5070643945985 1794.9721728694674 2549.415312055128 1227.251633642823 1564.5491465724626 
DATA 1226.5674893401672 1310.673769911771 1573.1558704126564 885.9441532535996 1168.9081041773682 
DATA 1049.6814503456517 1068.9425808769026 1177.020565468718 764.1855331234583 976.530083087131 
DATA 899.3227432863918 960.7529724012122 953.2627981708604 732.8088549247298 845.5983209932704 
DATA 3637.876021371363 2674.020357726633 2716.025961962855 2610.4100263969626 2753.5067202462383 
DATA 1516.0473136823257 1738.875709531136 1782.7779598638565 1644.1192255584472 1601.241500709503 
DATA 1162.2676760420316 1275.379864234331 1282.8708908720623 1186.7074547991583 1147.9861775131608 
DATA 955.8348880393276 980.4445973052132 1051.399756058844 952.184745733823 921.5843117408598 
DATA 810.3371347234139 828.3598707662989 900.4403489609364 833.5436707092002 770.7434961195453 
DATA 2175.389379688634 2047.1975822318425 1902.3385283873877 3246.483586100539 2293.2553994866253 
DATA 1504.9478577965317 1520.9123012761484 1474.2525456193223 1658.146909338949 1880.5167049323804 
DATA 1197.6248234454106 1011.535841845869 1068.0872038328955 1342.8753791617962 1249.7198895128454 
DATA 1066.4336016320517 848.3306544466766 866.9634277024862 1109.5139301545487 902.9725378601596 
DATA 885.203094371768 778.602861354193 747.4581619043407 960.7921198284056 759.4831492654919 
DATA 1612.0045613585935 1690.372649922201 2320.65550031676 1878.6959600026307 2168.945543046157 
DATA 1006.5493512618416 1174.0752762832035 1366.639284088151 1367.0291333150974 1200.9286647344054 
DATA 844.8063287485501 794.3234964123324 972.4073091279122 945.5962171215116 851.0259890411911 
DATA 698.8402491878627 630.1743488046396 752.1636712092846 726.4843962088278 703.502202692733 
DATA 585.1430308483623 541.0940663720213 652.9485103894398 618.3601380644121 592.9025041856487 
DATA 2193.081535006233 1823.1756285335064 1907.806717445941 2179.532678715188 1655.0003142736352 
DATA 1240.8077761386608 1104.7170155084084 1015.6332363754702 1265.8956904452596 1097.9492297141207 
DATA 828.1467909925368 794.9012767051937 735.2295607575537 867.1776703723482 825.1380051079276 
DATA 669.9710066754293 663.0227341294503 585.0341650269299 712.1539678349782 680.4800133662226 
DATA 589.3887153283896 581.7659982378476 504.8805306742996 649.2513423289723 615.8640694658416 
DATA 1860.8335807562253 1827.8840760814069 2286.9605038906566 1716.7953074602488 1652.9949785102758 
DATA 1119.2299142350437 1209.9232211465896 1198.458430523346 1017.2827689795388 1221.0099122614572 
DATA 741.0350351908594 857.9306701919022 861.7578117227682 784.7650029951853 857.0537150711249 
DATA 606.6431769266512 703.1028641839894 701.3418303368817 656.7534270486146 660.6537602369618 
DATA 503.5548680793872 628.8022724502374 600.8414479667034 546.6975889246894 590.9383921870648 
DATA 2877.842558108745 3006.526023279552 1668.205084370085 1729.965817172993 1873.305961142487 
DATA 1225.4800499351495 1315.8354040600177 995.2170574370764 1177.765016830786 1148.8002577791551 
DATA 842.95463303859 930.4583861557896 706.1543925022049 940.7589020228596 749.9415895817285 
DATA 645.3281418213713 724.6664447818778 578.4915636350017 827.2196369885457 633.8248831326492 
DATA 527.2132403357294 628.9161097963786 483.9062840433975 693.5458447324703 561.8809272498429 
DATA 2017.9234364342503 1679.018912670978 1532.7768172495048 1917.726700002776 3467.2455361177235 
DATA 1095.059047740525 1039.74716379706 934.3260157463916 1129.8200590004571 878.7580545476238 
DATA 792.551454299657 880.1755415484255 717.957301250464 766.9205866322724 687.1384178755546 
DATA 679.6646187451913 784.5927575605364 584.0649931505204 622.902880548253 615.1385571788884 
DATA 613.7916704235621 646.7769251405742 506.6880165812504 519.9713710069902 530.8526611121357 
DATA 1644.963909057965 2547.7503594674736 1313.6597712385787 1938.9519646294395 1732.2752815668157 
DATA 979.3265698994904 685.0841086376522 948.0955458676892 960.6028365972207 1165.071653168205 
DATA 632.2067360674829 514.6446670983721 710.7740291613487 672.7878875176709 776.7948195241837 
DATA 482.4802890393886 431.0282750085784 544.5159709236237 546.7914206456387 600.3191244801493 
DATA 396.46429401384194 374.8886823083856 460.1896443907431 473.48605396430895 511.3443720753293 
DATA 1443.5857102410116 1656.0796320996828 2046.708809301661 1601.2691785137515 3094.4500658291413 
DATA 1001.5222823061642 820.8227855927425 837.7441401067452 905.1256567838624 979.1922899304326 
DATA 722.1597571824789 566.3923794723552 595.1296643289027 658.1578258779311 651.3831160686279 
DATA 606.2853469536183 470.4313600508525 518.5671324132092 541.165971072295 504.6597785082655 
DATA 508.22164192085216 401.0879182167191 462.23896984370657 467.5445789347931 416.119850660035 
DATA 1688.0777146489745 1812.252573171165 1633.572212138937 1941.0009785940092 1869.443207800224 
DATA 911.8768119522408 917.51037448648 783.0671913267053 1031.9678875557183 953.1533011569882 
DATA 668.7113968273298 715.0666855625852 603.6669511918036 746.1297927764726 709.2854002375738 
DATA 555.1011571756848 605.4805728504252 516.8197013479054 615.2544154999177 577.7640871735811 
DATA 510.6779881009638 510.9981102451665 456.9001780189314 548.1029269444639 497.8688805996664 
DATA 1640.667509235346 2066.718962508762 2287.1913031269955 2720.219621856804 1634.2147257830718 
DATA 805.4784223265399 867.6263672823434 935.6283579009788 1102.3771290243046 805.6104687975028 
DATA 595.6280567008847 628.1443373991242 696.277800018722 848.5090409748635 657.9124545229016 
DATA 489.162609816684 522.9366859253413 571.9679470830889 675.4015345912488 550.478437557175 
DATA 427.916120516064 447.6750810500576 479.474093134318 583.6238059020295 469.0434723014711 
DATA 1686.4727132102137 1304.4294526848948 1282.554778634145 2486.49651300966 1956.0745849636508 
DATA 1047.8584615875538 907.22636065751 847.1921852188318 1013.8268125282508 857.1653177980685 
DATA 865.4716115812768 679.9627802154504 673.2522171165735 669.5882258045842 600.8866248125357 
DATA 788.731818002483 532.9307060930722 577.4190607546017 542.7525078040078 483.1755340604821 
DATA 694.9529235944485 475.0109592016485 516.4092839607703 476.53932246878566 407.906537907102 
DATA 1236.6139676406876 1367.7251984671286 1233.1792270969931 1722.8656208228306 1382.0056711488642 
DATA 629.5011565200873 773.8924509774049 761.9700124214334 708.2392533616701 686.4625696826322 
DATA 457.86740460846994 546.6559069432079 566.3536949479092 519.3070521743929 476.77173043809887 
DATA 398.3525986169087 426.3141064270849 465.17306819252497 407.4561224484035 411.941007855769 
DATA 354.9919979337989 363.57903163265263 421.5193549454765 357.5246504055957 369.7935081579081 
DATA 1640.6049412996526 1152.867333377248 1238.086851614898 1302.772919799468 1444.625451212302 
DATA 731.4021023698479 662.3166083202234 684.7224928923908 734.8506749988492 784.0922232571601 
DATA 558.500538738798 453.5961045978124 526.7607030768595 544.5661573610793 564.815799362747 
DATA 439.0297002635725 375.7769298591929 450.44010509069886 485.01795247676455 458.2189505025972 
DATA 385.41384422217976 333.1637928761684 388.4967656823271 462.1913328637197 400.6507237120082 
DATA 1505.3625009873688 1704.8509723447055 1264.2624308262623 1141.3903826399296 1225.7691176207304 
DATA 921.3481950528897 667.8987579053435 601.7340799544363 654.9029287556738 665.4953885913546 
DATA 641.3253846975045 497.5995901596729 462.4501968787256 473.4750881084393 474.8121077918144 
DATA 489.3840266454863 429.641744846234 361.1878567606464 390.377519104386 365.1610059224639 
DATA 417.5179886936143 379.02141654967625 333.9942252418968 354.58028086335173 331.22670946014694 
DATA 1355.9766516498478 1168.730549331601 1505.9835527181533 1364.4715500466962 1622.9365026172077 
DATA 645.0302865770799 589.4934575689862 621.21532893946 783.1680028657959 625.379693560116 
DATA 473.1409444522224 460.54994297245975 444.84884045992834 569.2567585041262 524.9202661798579 
DATA 418.94343677689386 394.4847403313384 367.3447976377885 478.9042301882276 445.1013032946061 
DATA 352.6154151843498 358.52682668866737 348.70570319250004 440.1817739455538 402.7588074647303 
DATA 1219.6827186657194 1612.2696434610668 1198.2294764329076 2496.602101057584 1341.579681683584 
DATA 622.2376469735973 898.8807361145654 565.347553385953 719.1009183543798 615.0351855185273 
DATA 464.177729342963 610.3328870674101 388.44555232199775 488.6679335651313 408.0961452533828 
DATA 394.788377238406 484.8588318398847 334.2069585400755 418.7920898862445 332.4096120945036 
DATA 330.6268203073775 407.5437168452324 304.66575329268073 361.7396816360884 293.1916788625797 
