PARAMETER cpu_limit
PARAMETER memory_limit
PARAMETER number_of_pods
PARAMETER rps


POINTS ( 300 400 1 5 ) ( 300 400 2 5 ) ( 300 400 3 5 ) ( 300 400 4 5 ) ( 300 400 5 5 ) 
POINTS ( 300 450 1 5 ) ( 300 450 2 5 ) ( 300 450 3 5 ) ( 300 450 4 5 ) ( 300 450 5 5 ) 
POINTS ( 300 500 1 5 ) ( 300 500 2 5 ) ( 300 500 3 5 ) ( 300 500 4 5 ) ( 300 500 5 5 ) 
POINTS ( 300 550 1 5 ) ( 300 550 2 5 ) ( 300 550 3 5 ) ( 300 550 4 5 ) ( 300 550 5 5 ) 
POINTS ( 300 600 1 5 ) ( 300 600 2 5 ) ( 300 600 3 5 ) ( 300 600 4 5 ) ( 300 600 5 5 ) 
POINTS ( 350 400 1 5 ) ( 350 400 2 5 ) ( 350 400 3 5 ) ( 350 400 4 5 ) ( 350 400 5 5 ) 
POINTS ( 350 450 1 5 ) ( 350 450 2 5 ) ( 350 450 3 5 ) ( 350 450 4 5 ) ( 350 450 5 5 ) 
POINTS ( 350 500 1 5 ) ( 350 500 2 5 ) ( 350 500 3 5 ) ( 350 500 4 5 ) ( 350 500 5 5 ) 
POINTS ( 350 550 1 5 ) ( 350 550 2 5 ) ( 350 550 3 5 ) ( 350 550 4 5 ) ( 350 550 5 5 ) 
POINTS ( 350 600 1 5 ) ( 350 600 2 5 ) ( 350 600 3 5 ) ( 350 600 4 5 ) ( 350 600 5 5 ) 
POINTS ( 400 400 1 5 ) ( 400 400 2 5 ) ( 400 400 3 5 ) ( 400 400 4 5 ) ( 400 400 5 5 ) 
POINTS ( 400 450 1 5 ) ( 400 450 2 5 ) ( 400 450 3 5 ) ( 400 450 4 5 ) ( 400 450 5 5 ) 
POINTS ( 400 500 1 5 ) ( 400 500 2 5 ) ( 400 500 3 5 ) ( 400 500 4 5 ) ( 400 500 5 5 ) 
POINTS ( 400 550 1 5 ) ( 400 550 2 5 ) ( 400 550 3 5 ) ( 400 550 4 5 ) ( 400 550 5 5 ) 
POINTS ( 400 600 1 5 ) ( 400 600 2 5 ) ( 400 600 3 5 ) ( 400 600 4 5 ) ( 400 600 5 5 ) 
POINTS ( 450 400 1 5 ) ( 450 400 2 5 ) ( 450 400 3 5 ) ( 450 400 4 5 ) ( 450 400 5 5 ) 
POINTS ( 450 450 1 5 ) ( 450 450 2 5 ) ( 450 450 3 5 ) ( 450 450 4 5 ) ( 450 450 5 5 ) 
POINTS ( 450 500 1 5 ) ( 450 500 2 5 ) ( 450 500 3 5 ) ( 450 500 4 5 ) ( 450 500 5 5 ) 
POINTS ( 450 550 1 5 ) ( 450 550 2 5 ) ( 450 550 3 5 ) ( 450 550 4 5 ) ( 450 550 5 5 ) 
POINTS ( 450 600 1 5 ) ( 450 600 2 5 ) ( 450 600 3 5 ) ( 450 600 4 5 ) ( 450 600 5 5 ) 
POINTS ( 500 400 1 5 ) ( 500 400 2 5 ) ( 500 400 3 5 ) ( 500 400 4 5 ) ( 500 400 5 5 ) 
POINTS ( 500 450 1 5 ) ( 500 450 2 5 ) ( 500 450 3 5 ) ( 500 450 4 5 ) ( 500 450 5 5 ) 
POINTS ( 500 500 1 5 ) ( 500 500 2 5 ) ( 500 500 3 5 ) ( 500 500 4 5 ) ( 500 500 5 5 ) 
POINTS ( 500 550 1 5 ) ( 500 550 2 5 ) ( 500 550 3 5 ) ( 500 550 4 5 ) ( 500 550 5 5 ) 
POINTS ( 500 600 1 5 ) ( 500 600 2 5 ) ( 500 600 3 5 ) ( 500 600 4 5 ) ( 500 600 5 5 ) 

REGION teastore
METRIC cpu_usage

DATA 61.24045848712909 52.15436883244583 43.27513992793253 56.71213741124707 43.32816762903551 
DATA 57.52072291102536 55.99887325098465 58.3480312942959 54.6751436616591 57.45766309237161 
DATA 39.224064013895934 37.66372524173083 38.24973283756017 34.158609515200766 49.96746281813639 
DATA 28.68366933587058 32.74716837257578 24.84140000293242 30.255944154718247 34.05895115321985 
DATA 26.51925745350909 28.756142151576903 26.612831220359254 22.23564231464085 24.641751234581047 
DATA 55.55526243467799 74.49558914339711 75.25542293721837 70.03061844745113 87.00064351661445 
DATA 50.65794662045536 54.88881653394424 52.01475794244277 50.11715320672728 50.39687721546216 
DATA 43.32122963742191 33.47001690971643 36.90538894991701 36.02291608472959 41.772735329514326 
DATA 29.518908479552643 28.56260198348572 30.81602431952304 32.47500491834019 30.58740393499905 
DATA 22.21608779059543 23.336109886300207 23.11214370879493 21.12249172441416 28.67729904797293 
DATA 71.09188407723622 80.66557145168845 83.57478340888281 65.17665355786846 77.73109394055726 
DATA 48.15126735388424 47.64556572027247 48.44941167343388 44.859976688096886 43.4640854596335 
DATA 36.72991069260839 35.43374346078112 40.90493919082483 35.28172748379267 41.718965742499925 
DATA 23.694826880355336 27.907517257184708 26.294087046758992 37.97116809780862 34.79536864759429 
DATA 24.982965038186336 24.59646727901028 27.40774408689798 24.52230414588233 27.855222553499907 
DATA 68.45295255944292 58.319774802333285 80.71648008944484 71.19532858333508 78.80948548615977 
DATA 47.708674227179856 47.05582035449049 55.99415078298917 47.13009527811103 53.63139273130674 
DATA 36.77693299587204 34.91267842559019 27.071492024548935 32.955294388720425 38.24697931331552 
DATA 29.91546833247408 32.5911386595319 29.840406248519795 30.090377326187824 27.11891858982358 
DATA 20.66024120904337 26.808072364755056 23.330816038282315 24.427694997601005 28.766262619761367 
DATA 84.3844091961818 72.86534927613043 79.24664712956711 63.302347217335125 74.48251196878236 
DATA 57.60623682004311 41.82669921950805 51.93426343206141 44.45096879565708 53.62311141237439 
DATA 40.04245693682801 35.23786845109583 41.70211998733368 33.66275337060525 33.09554010052992 
DATA 31.92903868202647 31.892189243654208 35.196273065919044 27.57676684413973 31.70690945898228 
DATA 26.473637997470146 29.307099625542048 25.909369988492276 29.2234800916642 24.540553912532054 
DATA 69.15070719583588 53.986507779052566 60.73093976347055 64.66440405540675 69.83989891740384 
DATA 42.69690160188817 47.53413529855595 36.05545451268782 37.22836146758839 39.65578826550539 
DATA 29.65005330812011 35.62239390204622 34.29517124764638 36.156757671329245 35.76131461605579 
DATA 22.86444001679779 25.43834632164944 25.44605696450335 28.173321801233573 24.16981846785927 
DATA 19.71357446965221 23.529157846406505 24.029320031332706 19.326739273097097 18.81846364267856 
DATA 67.78829002321476 79.46511319903439 73.44052433947301 76.54256841723063 67.26159617967299 
DATA 42.88653372288563 43.286721869378646 47.94956080447589 38.177024020739175 46.25972454520951 
DATA 33.73152780981633 35.010985191169034 31.061422172912568 33.513986975496444 35.20024773953168 
DATA 27.31262150878458 26.212331447927856 30.48567419022513 27.906668877157635 26.24200435321656 
DATA 23.898563392130185 24.688652012792744 20.81375176439327 25.968050619425405 22.8870960504375 
DATA 70.09245304242 61.353910179954205 77.25916408599576 55.64409748249411 64.50112837982367 
DATA 46.70535297455813 49.30954116296501 42.75712301851679 38.35117046250339 34.94774798154711 
DATA 35.80499617446457 35.13264583330514 24.491843503473863 37.95153937404293 30.618890266292016 
DATA 28.376788195663256 29.080352503427072 28.19059340218625 25.591209716367317 28.377834606896297 
DATA 25.208178624882837 20.36755002107109 19.686899877050458 19.500293152672683 26.22902253999844 
DATA 73.44685810246847 69.42252974729918 67.01554740690699 64.83783632957791 63.29150865394149 
DATA 48.73099771550233 41.558470369250976 49.975174666770016 51.63752999876435 40.100456506010254 
DATA 28.57352938991661 29.05370129466253 33.713403783011046 38.08015992613668 33.538967192299864 
DATA 27.601057040152405 29.29059631148069 30.887860960037106 24.92623324435282 28.16400365412403 
DATA 23.943929269806844 20.210495681381555 20.09583527963376 25.02401214703012 27.24051730473036 
DATA 64.65518343007581 90.00533327183553 75.74817576997052 73.72254932584433 68.55572256927447 
DATA 42.67850068488863 45.7007451508853 45.54450967920696 40.39262621181295 41.55629384766381 
DATA 33.44849508547064 20.99547412683109 35.80976476722274 34.44422217678633 36.0816776603177 
DATA 24.839709286574948 30.457406642088785 29.58475602589623 29.873065768665224 24.56418845950025 
DATA 23.616823917308228 27.348734317661247 23.05883789151218 18.232487841895946 22.50723627165652 
DATA 66.91366489841069 70.2457862934662 67.58321239927422 65.66486936095741 71.89088103473885 
DATA 45.58471774703862 29.69881840435022 42.037655811811526 35.09481549980849 43.12013317708189 
DATA 28.46899230199385 29.311364551870085 34.881992124728335 32.57427801417189 29.80025886535664 
DATA 20.47412490361864 25.720475606974887 13.89803978100178 21.005994878057567 24.12870717511683 
DATA 19.75849686800778 23.07579873930723 19.92294489931225 21.70246630828584 21.71054017650058 
DATA 76.464397379457 62.7806519327327 69.4995693201978 58.21511669115836 55.35345281761249 
DATA 37.59584919892599 41.133456026492674 38.07139055635043 32.91195636979417 38.36055113881093 
DATA 29.77191668741372 19.716994892661944 35.56811400080226 28.588629788251644 28.94776808885373 
DATA 23.0402692897208 24.97259175339893 22.695413041587045 25.54137532812174 20.008929971281763 
DATA 20.873694841392435 17.985180293874674 21.38234004159973 22.1809033549284 24.3426117411843 
DATA 71.33052899782308 76.37083937586543 60.86902527605633 39.99343419188598 53.513737320723074 
DATA 37.899207263445206 41.22616755486374 44.03456202078622 37.33332288886368 35.57776568470759 
DATA 26.483051404109517 27.496340084431864 33.521444470839405 32.515376946110365 31.25763366026831 
DATA 21.758350506167133 25.18629902922959 25.52179857685346 23.96173528459681 25.590394996740777 
DATA 23.18055959643289 18.92086303082165 18.04537336214541 19.51563463633748 22.34782744047475 
DATA 57.94716326292261 72.05863714159698 64.86702954455087 38.60531981880403 62.00141934856611 
DATA 34.8408529438948 39.40930499614421 37.61126510175995 33.79910948895048 41.241609548710855 
DATA 27.691037668551445 23.139200324911325 30.88910059728884 31.148004127047425 29.54317570323456 
DATA 29.189555807822543 17.58783516475662 25.106101197824344 28.144648225518285 24.17387667885151 
DATA 21.563653775917714 21.40710653600794 24.021153109230752 19.6412377265186 21.79492857141417 
DATA 73.19620693485543 73.13458447112434 37.71952785142561 53.78982579544377 59.8465608967721 
DATA 36.83150586258195 44.09452809944068 32.76426309359525 35.55473858296052 38.3336882971393 
DATA 30.62259569487994 35.81899901371213 30.731449573017542 23.237056003709903 31.42932154216132 
DATA 28.076149783470942 24.052977137227543 27.76754982654853 25.89778569714313 23.667278347663636 
DATA 22.76209594044273 20.375308706931865 24.116636484301612 23.706747874828757 19.57970058169848 
DATA 68.23109182705763 62.39349365180762 66.12560139472042 57.63968164263471 62.73904724517561 
DATA 32.72989630518817 31.375926468721595 39.45812116401158 44.68675417861586 38.478246061691074 
DATA 26.22964973752073 31.022578705879443 26.312735200070414 22.152433213521316 32.28674011072887 
DATA 19.50664207434657 23.686960215483587 20.897677314666947 24.402558997450893 18.56610716358831 
DATA 17.611888702589813 21.669252707030655 18.50670958141108 15.887519187185893 22.00517914632652 
DATA 66.30356392023779 67.16308112331551 38.572166961054734 66.2811117961842 55.67017126191206 
DATA 34.075812450119635 41.03143250497685 38.13665375060236 41.38424234684845 36.20964876492116 
DATA 20.759519579719555 23.33354119634914 32.206141993550524 24.406163118487267 27.25065688053649 
DATA 21.05517570265937 21.014204886930685 18.98194908101372 22.18939774305429 23.080650106003795 
DATA 20.95523238436441 21.61251619862269 19.46707822947268 20.421106098665504 20.37494198251424 
DATA 61.19031042307101 59.476215993342535 58.66018969127938 65.73064238032096 77.7817086575669 
DATA 39.87067712286287 24.90160092945388 29.97498441397205 29.94083343872089 31.815290413076685 
DATA 23.643788114623675 28.677150361024317 25.002223016730397 21.842916858103617 27.1628044676234 
DATA 19.98306693327633 21.62138159398214 23.35720452450784 22.5494544152445 24.307032669711905 
DATA 20.696301770883338 19.195244986001512 16.225613094347338 17.819046322925796 19.740208491460404 
DATA 55.44846797248229 64.37949373021335 59.09529758844826 48.94476962537582 57.408610200644006 
DATA 35.92539090196932 35.73783461437089 34.05975475065421 36.74191907981124 41.43690341419668 
DATA 31.801574779235786 27.40329861725625 23.18738297662556 27.53304794834322 22.80559810523601 
DATA 17.74229512473391 16.621553404836696 22.420702142637595 18.455876917278324 21.401095105200472 
DATA 15.999984040221197 19.24813686831516 19.38968865644783 20.047238840909397 16.645037573337707 
DATA 61.34711177344322 69.83983762707304 75.22738765058347 57.72372789087567 71.78049684638952 
DATA 40.259783569079794 27.967692831315755 33.03835537144016 29.216781028117364 44.57343191076495 
DATA 31.777930165098645 23.35043039924988 26.741022303741417 29.62534944375917 28.58873299806208 
DATA 20.165854649267885 24.196362655620543 23.96101247740061 21.04945123815681 21.39226674996699 
DATA 21.93714220742121 18.652768901306256 19.37285335474788 17.34668595550801 19.82718047861753 
DATA 56.94557251977259 44.65802868517248 56.072583187001214 65.15216821801678 61.90951155441251 
DATA 31.84174715965015 36.59004987054948 39.432591733063646 37.86625177318156 38.69418610208148 
DATA 22.848911571434407 31.8684254382591 27.294347813951248 23.4484301127257 26.538252113136807 
DATA 21.16759639865173 15.316720071587415 21.7118933864376 20.830309921325245 21.90684928583564 
DATA 16.068779612506514 15.828251127220993 15.707368503273914 19.86965823512814 15.36194919436984 
DATA 53.45912254926119 53.80689610345341 61.217975214506566 68.80031640770191 57.11437522234963 
DATA 36.8136361108682 28.149198153869875 40.299269536180645 39.97444385178747 41.30226584145591 
DATA 24.183759296272942 23.86559609353122 27.69490622611317 26.36257669893462 26.052167073100662 
DATA 19.852734643648 21.52177461958705 22.42558029274898 19.88537925667813 26.120764490139223 
DATA 18.146387714642863 13.392802391709214 17.912569224933442 17.131384233463326 16.66284450610745 
DATA 55.76778419271566 66.03789605437443 65.1485781813786 61.88562446439041 62.1084331443742 
DATA 39.22220174627374 33.73175485655409 33.286199870217274 35.72025020774874 37.385584241367376 
DATA 16.7182039293304 27.27091004108848 26.331333476089497 26.808071047231422 22.985847615339186 
DATA 23.171225231085888 20.24491166555828 18.129071895021134 15.899440792534724 22.06547559687844 
DATA 13.747750575095669 15.708108372921185 18.334995347040973 16.208877562905975 16.886972541110755 
DATA 49.263354430350105 61.209161289976784 61.25294234222064 45.76457645701127 57.38439213811713 
DATA 32.88724683898712 35.61674723494912 33.69714449068342 37.28891138493295 35.83705303027704 
DATA 27.938471492553457 26.77049453834993 21.63751777275513 28.017855595104383 22.732132491164563 
DATA 21.234646020794997 25.68800713078158 19.73437097816525 21.07371005419135 22.408457099730043 
DATA 25.83532567410726 17.745610305259817 12.372687399692053 18.768717118395152 14.46335450622226 
DATA 59.16059361552211 45.605966225386325 41.74113262223649 65.92292650914943 61.46177138005841 
DATA 32.253605576416014 30.98051843703601 31.37810798870319 31.03393978791445 35.72467923603884 
DATA 23.311830680888274 28.33046417737113 26.454888741447103 30.307347271355248 23.2596947840623 
DATA 14.387433816153608 22.136074735388505 19.9860152583584 23.18168052276567 21.59834356399788 
DATA 16.297182707367664 15.594644465211037 18.346194851598725 15.225813256921953 17.862644924651228 
